10 10 0
4   10   1 3 4 6 0.50 0.60 0.70   2 7 9 12 0.60 0.75 0.90   3 5 7 10 0.80 0.90 1.00   4 8 10 13 0.80 0.90 1.00   5 9 11 14 0.50 0.60 0.70   6 5 8 11 0.80 0.90 1.00   7 10 14 18 0.80 0.90 1.00   8 6 9 12 0.60 0.75 0.90   9 7 9 10 0.60 0.75 0.90   10 8 11 15 0.50 0.60 0.70   10   1 5 7 9 0.50 0.60 0.70   2 8 10 13 0.80 0.90 1.00   3 7 8 10 0.60 0.75 0.90   4 6 8 9 0.90 1.00 1.00   5 8 10 11 0.60 0.75 0.90   6 9 11 14 0.80 0.90 1.00   7 6 7 10 0.80 0.90 1.00   8 5 7 10 0.80 0.90 1.00   9 7 9 10 0.60 0.75 0.90   10 10 14 18 0.60 0.75 0.90   10   1 7 9 11 0.50 0.60 0.70   2 8 10 13 0.80 0.90 1.00   3 7 8 11 0.60 0.75 0.90   4 6 8 9 0.80 0.90 1.00   5 5 7 8 0.60 0.75 0.90   6 11 14 17 0.80 0.90 1.00   7 5 8 11 0.80 0.90 1.00   8 7 9 12 0.60 0.75 0.90   9 6 8 11 0.60 0.75 0.90   10 5 7 8 0.50 0.60 0.70   10   1 8 10 13 0.60 0.75 0.90   2 5 8 10 0.60 0.75 0.90   3 9 13 17 0.60 0.75 0.90   4 6 8 11 0.90 1.00 1.00   5 6 9 12 0.50 0.60 0.70   6 7 10 13 0.80 0.90 1.00   7 5 9 12 0.80 0.90 1.00   8 6 9 12 0.80 0.90 1.00   9 12 17 21 0.60 0.75 0.90   10 8 12 16 0.50 0.60 0.70   
6   10   1 3 4 5 0.50 0.60 0.70   2 6 8 9 0.60 0.75 0.90   3 9 10 13 0.60 0.75 0.90   4 5 7 8 0.90 1.00 1.00   5 6 9 11 0.60 0.75 0.90   6 7 10 12 0.90 1.00 1.00   7 10 13 15 0.60 0.75 0.90   8 5 7 10 0.80 0.90 1.00   9 10 13 17 0.60 0.75 0.90   10 6 9 12 0.50 0.60 0.70   10   1 10 13 17 0.50 0.60 0.70   2 8 11 14 0.60 0.75 0.90   3 7 10 12 0.60 0.75 0.90   4 6 9 11 0.80 0.90 1.00   5 6 9 11 0.50 0.60 0.70   6 9 12 16 0.80 0.90 1.00   7 8 11 15 0.60 0.75 0.90   8 7 11 14 0.60 0.75 0.90   9 6 10 13 0.80 0.90 1.00   10 15 19 24 0.60 0.75 0.90   10   1 4 5 7 0.60 0.75 0.90   2 8 10 13 0.60 0.75 0.90   3 6 8 10 0.60 0.75 0.90   4 5 8 9 0.80 0.90 1.00   5 6 9 11 0.60 0.75 0.90   6 6 8 9 0.90 1.00 1.00   7 7 10 12 0.80 0.90 1.00   8 11 14 18 0.60 0.75 0.90   9 6 9 12 0.60 0.75 0.90   10 9 11 14 0.60 0.75 0.90   10   1 6 9 11 0.60 0.75 0.90   2 5 7 8 0.60 0.75 0.90   3 4 6 7 0.60 0.75 0.90   4 3 5 8 0.80 0.90 1.00   5 6 8 9 0.50 0.60 0.70   6 7 10 12 0.90 1.00 1.00   7 8 10 13 0.60 0.75 0.90   8 5 8 10 0.80 0.90 1.00   9 6 9 11 0.60 0.75 0.90   10 7 9 12 0.60 0.75 0.90   10   1 5 6 7 0.50 0.60 0.70   2 9 10 14 0.60 0.75 0.90   3 8 10 13 0.60 0.75 0.90   4 7 9 10 0.90 1.00 1.00   5 4 5 7 0.60 0.75 0.90   6 6 8 10 0.80 0.90 1.00   7 5 8 10 0.80 0.90 1.00   8 6 8 9 0.60 0.75 0.90   9 9 11 15 0.80 0.90 1.00   10 3 5 8 0.60 0.75 0.90   10   1 8 11 15 0.60 0.75 0.90   2 7 10 13 0.60 0.75 0.90   3 6 9 11 0.60 0.75 0.90   4 5 8 10 0.80 0.90 1.00   5 7 9 12 0.50 0.60 0.70   6 6 8 11 0.80 0.90 1.00   7 8 10 13 0.80 0.90 1.00   8 10 13 17 0.80 0.90 1.00   9 5 9 13 0.60 0.75 0.90   10 7 8 10 0.50 0.60 0.70   
4   10   1 7 9 12 0.50 0.60 0.70   2 6 7 9 0.60 0.75 0.90   3 4 6 9 0.60 0.75 0.90   4 8 11 14 0.80 0.90 1.00   5 9 13 15 0.60 0.75 0.90   6 5 7 10 0.90 1.00 1.00   7 6 9 12 0.80 0.90 1.00   8 7 8 11 0.60 0.75 0.90   9 9 11 13 0.60 0.75 0.90   10 5 6 7 0.60 0.75 0.90   10   1 5 7 9 0.60 0.75 0.90   2 7 9 12 0.80 0.90 1.00   3 4 7 9 0.80 0.90 1.00   4 8 9 12 0.80 0.90 1.00   5 7 8 10 0.60 0.75 0.90   6 6 9 10 0.80 0.90 1.00   7 5 6 8 0.60 0.75 0.90   8 3 5 8 0.60 0.75 0.90   9 8 10 11 0.80 0.90 1.00   10 6 8 9 0.50 0.60 0.70   10   1 10 14 18 0.50 0.60 0.70   2 9 13 17 0.80 0.90 1.00   3 12 16 21 0.80 0.90 1.00   4 8 11 15 0.90 1.00 1.00   5 7 11 14 0.60 0.75 0.90   6 15 19 24 0.80 0.90 1.00   7 11 15 19 0.80 0.90 1.00   8 16 23 28 0.80 0.90 1.00   9 9 12 16 0.80 0.90 1.00   10 8 11 14 0.50 0.60 0.70   10   1 6 9 11 0.60 0.75 0.90   2 5 8 10 0.80 0.90 1.00   3 8 9 11 0.60 0.75 0.90   4 7 10 13 0.90 1.00 1.00   5 9 11 15 0.50 0.60 0.70   6 10 13 17 0.90 1.00 1.00   7 11 14 17 0.60 0.75 0.90   8 8 10 13 0.60 0.75 0.90   9 11 15 19 0.60 0.75 0.90   10 6 10 12 0.50 0.60 0.70   
6   10   1 8 11 14 0.50 0.60 0.70   2 7 9 12 0.80 0.90 1.00   3 6 8 11 0.80 0.90 1.00   4 5 8 11 0.90 1.00 1.00   5 9 11 15 0.50 0.60 0.70   6 7 10 13 0.90 1.00 1.00   7 6 10 13 0.80 0.90 1.00   8 9 12 15 0.80 0.90 1.00   9 5 7 10 0.60 0.75 0.90   10 11 16 20 0.50 0.60 0.70   10   1 4 5 7 0.60 0.75 0.90   2 3 4 6 0.60 0.75 0.90   3 5 8 10 0.60 0.75 0.90   4 4 6 9 0.90 1.00 1.00   5 2 3 5 0.60 0.75 0.90   6 7 9 11 0.90 1.00 1.00   7 8 9 12 0.80 0.90 1.00   8 5 7 10 0.60 0.75 0.90   9 8 10 11 0.60 0.75 0.90   10 7 8 9 0.60 0.75 0.90   10   1 8 10 14 0.50 0.60 0.70   2 9 12 16 0.80 0.90 1.00   3 10 14 18 0.80 0.90 1.00   4 7 10 13 0.90 1.00 1.00   5 6 9 12 0.60 0.75 0.90   6 5 8 10 0.90 1.00 1.00   7 6 8 11 0.80 0.90 1.00   8 7 11 14 0.60 0.75 0.90   9 8 9 10 0.60 0.75 0.90   10 6 9 12 0.60 0.75 0.90   10   1 6 8 10 0.60 0.75 0.90   2 5 7 9 0.60 0.75 0.90   3 7 10 12 0.80 0.90 1.00   4 8 10 13 0.80 0.90 1.00   5 9 11 15 0.60 0.75 0.90   6 6 9 11 0.90 1.00 1.00   7 11 15 18 0.60 0.75 0.90   8 10 13 18 0.60 0.75 0.90   9 7 9 12 0.60 0.75 0.90   10 5 8 11 0.50 0.60 0.70   10   1 13 17 21 0.50 0.60 0.70   2 8 11 14 0.80 0.90 1.00   3 7 11 14 0.60 0.75 0.90   4 9 12 15 0.90 1.00 1.00   5 10 14 18 0.60 0.75 0.90   6 8 10 13 0.90 1.00 1.00   7 7 10 13 0.60 0.75 0.90   8 14 18 23 0.80 0.90 1.00   9 8 11 15 0.60 0.75 0.90   10 9 11 15 0.60 0.75 0.90   10   1 7 10 12 0.50 0.60 0.70   2 6 8 11 0.60 0.75 0.90   3 5 8 10 0.60 0.75 0.90   4 8 10 13 0.90 1.00 1.00   5 9 12 17 0.50 0.60 0.70   6 7 9 13 0.80 0.90 1.00   7 11 15 19 0.80 0.90 1.00   8 8 11 15 0.60 0.75 0.90   9 6 9 12 0.80 0.90 1.00   10 13 17 20 0.50 0.60 0.70   
5   10   1 9 12 16 0.60 0.75 0.90   2 7 10 13 0.60 0.75 0.90   3 6 9 12 0.80 0.90 1.00   4 8 11 14 0.90 1.00 1.00   5 7 9 10 0.60 0.75 0.90   6 8 10 11 0.90 1.00 1.00   7 13 15 16 0.60 0.75 0.90   8 10 13 15 0.80 0.90 1.00   9 9 12 16 0.80 0.90 1.00   10 8 10 11 0.60 0.75 0.90   10   1 3 4 6 0.50 0.60 0.70   2 7 8 10 0.60 0.75 0.90   3 8 10 11 0.60 0.75 0.90   4 9 11 15 0.80 0.90 1.00   5 5 7 8 0.60 0.75 0.90   6 6 8 10 0.90 1.00 1.00   7 7 10 12 0.60 0.75 0.90   8 5 8 10 0.80 0.90 1.00   9 9 12 14 0.60 0.75 0.90   10 10 13 18 0.60 0.75 0.90   10   1 7 9 12 0.60 0.75 0.90   2 6 9 11 0.60 0.75 0.90   3 8 11 15 0.80 0.90 1.00   4 9 12 16 0.80 0.90 1.00   5 9 13 17 0.60 0.75 0.90   6 10 14 16 0.90 1.00 1.00   7 7 10 13 0.80 0.90 1.00   8 8 10 13 0.80 0.90 1.00   9 11 15 19 0.80 0.90 1.00   10 6 9 11 0.60 0.75 0.90   10   1 6 9 11 0.50 0.60 0.70   2 5 8 11 0.60 0.75 0.90   3 4 8 11 0.60 0.75 0.90   4 7 11 14 0.80 0.90 1.00   5 8 11 15 0.50 0.60 0.70   6 7 9 12 0.90 1.00 1.00   7 9 12 16 0.80 0.90 1.00   8 10 14 18 0.60 0.75 0.90   9 7 10 13 0.60 0.75 0.90   10 8 11 14 0.60 0.75 0.90   10   1 2 4 6 0.60 0.75 0.90   2 1 2 4 0.80 0.90 1.00   3 4 6 8 0.80 0.90 1.00   4 7 8 9 0.90 1.00 1.00   5 8 10 12 0.50 0.60 0.70   6 5 8 10 0.90 1.00 1.00   7 3 5 8 0.60 0.75 0.90   8 4 6 9 0.60 0.75 0.90   9 7 9 11 0.80 0.90 1.00   10 6 9 11 0.60 0.75 0.90   
5   10   1 7 10 13 0.50 0.60 0.70   2 5 8 11 0.80 0.90 1.00   3 8 10 13 0.80 0.90 1.00   4 6 8 11 0.90 1.00 1.00   5 7 9 11 0.60 0.75 0.90   6 8 11 14 0.90 1.00 1.00   7 9 10 12 0.80 0.90 1.00   8 6 8 10 0.60 0.75 0.90   9 7 10 13 0.80 0.90 1.00   10 10 13 16 0.60 0.75 0.90   10   1 6 8 9 0.50 0.60 0.70   2 5 6 7 0.80 0.90 1.00   3 4 6 8 0.60 0.75 0.90   4 3 5 8 0.90 1.00 1.00   5 8 10 13 0.50 0.60 0.70   6 4 5 6 0.80 0.90 1.00   7 6 8 10 0.60 0.75 0.90   8 7 9 11 0.60 0.75 0.90   9 5 8 9 0.60 0.75 0.90   10 6 9 11 0.60 0.75 0.90   10   1 9 11 14 0.60 0.75 0.90   2 10 14 18 0.80 0.90 1.00   3 8 11 15 0.60 0.75 0.90   4 7 10 13 0.90 1.00 1.00   5 8 10 13 0.60 0.75 0.90   6 9 12 15 0.90 1.00 1.00   7 7 9 11 0.60 0.75 0.90   8 6 9 12 0.60 0.75 0.90   9 10 15 20 0.80 0.90 1.00   10 8 11 15 0.60 0.75 0.90   10   1 4 7 9 0.50 0.60 0.70   2 5 8 10 0.60 0.75 0.90   3 6 9 12 0.80 0.90 1.00   4 7 10 12 0.80 0.90 1.00   5 8 11 15 0.60 0.75 0.90   6 9 10 13 0.80 0.90 1.00   7 6 8 11 0.60 0.75 0.90   8 10 14 17 0.80 0.90 1.00   9 8 10 14 0.80 0.90 1.00   10 5 7 10 0.60 0.75 0.90   10   1 8 10 13 0.50 0.60 0.70   2 7 9 11 0.60 0.75 0.90   3 7 10 13 0.60 0.75 0.90   4 8 11 15 0.80 0.90 1.00   5 6 9 12 0.50 0.60 0.70   6 5 7 9 0.90 1.00 1.00   7 6 8 10 0.60 0.75 0.90   8 10 13 15 0.60 0.75 0.90   9 8 10 13 0.80 0.90 1.00   10 11 14 17 0.60 0.75 0.90   
5   10   1 6 8 9 0.50 0.60 0.70   2 7 10 12 0.60 0.75 0.90   3 8 11 13 0.60 0.75 0.90   4 9 13 17 0.80 0.90 1.00   5 5 8 11 0.60 0.75 0.90   6 8 11 14 0.90 1.00 1.00   7 7 9 12 0.80 0.90 1.00   8 6 9 13 0.60 0.75 0.90   9 5 9 12 0.60 0.75 0.90   10 6 10 13 0.50 0.60 0.70   10   1 4 5 7 0.60 0.75 0.90   2 5 6 7 0.60 0.75 0.90   3 6 7 9 0.80 0.90 1.00   4 7 9 11 0.90 1.00 1.00   5 8 10 11 0.50 0.60 0.70   6 9 11 13 0.90 1.00 1.00   7 7 10 12 0.60 0.75 0.90   8 5 7 10 0.60 0.75 0.90   9 4 6 8 0.80 0.90 1.00   10 8 11 13 0.60 0.75 0.90   10   1 8 11 14 0.60 0.75 0.90   2 7 8 10 0.80 0.90 1.00   3 9 11 12 0.60 0.75 0.90   4 10 13 14 0.90 1.00 1.00   5 6 9 10 0.50 0.60 0.70   6 7 9 10 0.90 1.00 1.00   7 8 10 13 0.80 0.90 1.00   8 11 14 18 0.80 0.90 1.00   9 6 10 13 0.60 0.75 0.90   10 13 17 21 0.60 0.75 0.90   10   1 11 13 17 0.60 0.75 0.90   2 5 8 11 0.60 0.75 0.90   3 4 7 10 0.80 0.90 1.00   4 6 8 11 0.90 1.00 1.00   5 7 10 12 0.60 0.75 0.90   6 8 10 13 0.80 0.90 1.00   7 9 11 14 0.80 0.90 1.00   8 10 14 17 0.60 0.75 0.90   9 8 11 15 0.80 0.90 1.00   10 6 9 11 0.50 0.60 0.70   10   1 13 17 21 0.50 0.60 0.70   2 7 10 13 0.80 0.90 1.00   3 8 11 14 0.80 0.90 1.00   4 9 11 13 0.80 0.90 1.00   5 10 14 17 0.60 0.75 0.90   6 14 19 22 0.90 1.00 1.00   7 6 9 12 0.80 0.90 1.00   8 5 8 12 0.60 0.75 0.90   9 7 11 14 0.60 0.75 0.90   10 8 11 15 0.60 0.75 0.90   
5   10   1 6 8 11 0.50 0.60 0.70   2 5 8 12 0.60 0.75 0.90   3 7 11 15 0.80 0.90 1.00   4 8 10 13 0.90 1.00 1.00   5 9 12 16 0.60 0.75 0.90   6 10 14 18 0.90 1.00 1.00   7 8 11 15 0.60 0.75 0.90   8 6 9 12 0.60 0.75 0.90   9 7 10 13 0.60 0.75 0.90   10 8 9 11 0.50 0.60 0.70   10   1 15 19 24 0.60 0.75 0.90   2 11 15 19 0.80 0.90 1.00   3 9 10 13 0.60 0.75 0.90   4 12 15 18 0.90 1.00 1.00   5 8 12 17 0.50 0.60 0.70   6 7 11 14 0.90 1.00 1.00   7 17 21 26 0.60 0.75 0.90   8 8 11 15 0.80 0.90 1.00   9 10 14 17 0.60 0.75 0.90   10 9 12 14 0.60 0.75 0.90   10   1 7 10 12 0.60 0.75 0.90   2 6 9 11 0.60 0.75 0.90   3 8 10 13 0.80 0.90 1.00   4 9 12 14 0.80 0.90 1.00   5 7 11 14 0.50 0.60 0.70   6 10 13 17 0.90 1.00 1.00   7 7 10 12 0.60 0.75 0.90   8 11 15 19 0.80 0.90 1.00   9 9 11 13 0.60 0.75 0.90   10 8 10 13 0.60 0.75 0.90   10   1 8 10 13 0.60 0.75 0.90   2 10 14 17 0.80 0.90 1.00   3 6 9 12 0.60 0.75 0.90   4 5 8 12 0.90 1.00 1.00   5 7 10 13 0.60 0.75 0.90   6 5 8 12 0.80 0.90 1.00   7 12 15 19 0.60 0.75 0.90   8 6 9 11 0.80 0.90 1.00   9 7 11 14 0.80 0.90 1.00   10 9 12 15 0.50 0.60 0.70   10   1 5 6 7 0.50 0.60 0.70   2 6 8 11 0.60 0.75 0.90   3 7 10 12 0.60 0.75 0.90   4 5 8 12 0.80 0.90 1.00   5 9 11 14 0.50 0.60 0.70   6 10 14 18 0.80 0.90 1.00   7 6 9 12 0.60 0.75 0.90   8 7 11 14 0.60 0.75 0.90   9 8 11 15 0.80 0.90 1.00   10 5 7 10 0.50 0.60 0.70   
5   10   1 10 14 17 0.60 0.75 0.90   2 9 12 15 0.60 0.75 0.90   3 8 11 15 0.60 0.75 0.90   4 7 11 14 0.80 0.90 1.00   5 6 9 12 0.60 0.75 0.90   6 7 10 13 0.90 1.00 1.00   7 12 16 20 0.80 0.90 1.00   8 13 18 23 0.80 0.90 1.00   9 7 9 13 0.80 0.90 1.00   10 8 10 13 0.50 0.60 0.70   10   1 7 9 11 0.50 0.60 0.70   2 5 8 10 0.60 0.75 0.90   3 7 10 13 0.60 0.75 0.90   4 9 12 16 0.90 1.00 1.00   5 6 9 12 0.60 0.75 0.90   6 8 11 14 0.90 1.00 1.00   7 10 14 16 0.80 0.90 1.00   8 9 13 17 0.60 0.75 0.90   9 6 10 13 0.80 0.90 1.00   10 7 9 13 0.60 0.75 0.90   10   1 9 13 17 0.50 0.60 0.70   2 6 9 12 0.80 0.90 1.00   3 10 14 18 0.80 0.90 1.00   4 8 11 15 0.90 1.00 1.00   5 7 10 13 0.60 0.75 0.90   6 6 9 11 0.80 0.90 1.00   7 12 17 21 0.60 0.75 0.90   8 8 10 13 0.80 0.90 1.00   9 9 11 14 0.60 0.75 0.90   10 11 14 17 0.60 0.75 0.90   10   1 4 5 7 0.60 0.75 0.90   2 5 7 9 0.80 0.90 1.00   3 6 8 9 0.60 0.75 0.90   4 7 9 10 0.80 0.90 1.00   5 8 10 13 0.50 0.60 0.70   6 4 7 9 0.80 0.90 1.00   7 5 6 8 0.80 0.90 1.00   8 2 3 5 0.80 0.90 1.00   9 6 9 11 0.80 0.90 1.00   10 7 10 12 0.50 0.60 0.70   10   1 8 10 13 0.50 0.60 0.70   2 9 11 14 0.80 0.90 1.00   3 7 9 11 0.60 0.75 0.90   4 6 9 13 0.90 1.00 1.00   5 10 13 17 0.60 0.75 0.90   6 5 7 10 0.80 0.90 1.00   7 8 11 15 0.80 0.90 1.00   8 9 12 16 0.80 0.90 1.00   9 6 9 12 0.80 0.90 1.00   10 7 10 12 0.60 0.75 0.90   
5   10   1 3 5 8 0.60 0.75 0.90   2 7 9 11 0.80 0.90 1.00   3 4 5 7 0.80 0.90 1.00   4 5 8 11 0.90 1.00 1.00   5 6 9 12 0.50 0.60 0.70   6 8 10 13 0.80 0.90 1.00   7 6 8 11 0.80 0.90 1.00   8 10 14 17 0.80 0.90 1.00   9 7 11 14 0.60 0.75 0.90   10 8 10 11 0.60 0.75 0.90   10   1 8 11 15 0.60 0.75 0.90   2 9 13 17 0.80 0.90 1.00   3 7 11 14 0.60 0.75 0.90   4 6 10 13 0.90 1.00 1.00   5 5 9 12 0.60 0.75 0.90   6 7 10 13 0.90 1.00 1.00   7 6 9 13 0.80 0.90 1.00   8 10 14 17 0.60 0.75 0.90   9 8 10 13 0.80 0.90 1.00   10 15 19 24 0.50 0.60 0.70   10   1 7 9 11 0.50 0.60 0.70   2 13 17 22 0.80 0.90 1.00   3 7 9 13 0.80 0.90 1.00   4 8 10 13 0.90 1.00 1.00   5 9 11 14 0.50 0.60 0.70   6 8 11 15 0.90 1.00 1.00   7 5 8 12 0.60 0.75 0.90   8 6 9 13 0.80 0.90 1.00   9 10 12 15 0.80 0.90 1.00   10 7 10 12 0.60 0.75 0.90   10   1 6 9 12 0.50 0.60 0.70   2 5 8 10 0.60 0.75 0.90   3 8 10 13 0.60 0.75 0.90   4 9 11 15 0.90 1.00 1.00   5 7 9 12 0.60 0.75 0.90   6 8 11 13 0.90 1.00 1.00   7 5 9 12 0.80 0.90 1.00   8 7 11 14 0.80 0.90 1.00   9 10 14 17 0.60 0.75 0.90   10 11 15 19 0.60 0.75 0.90   10   1 4 5 7 0.50 0.60 0.70   2 7 8 9 0.60 0.75 0.90   3 6 8 10 0.80 0.90 1.00   4 3 5 8 0.90 1.00 1.00   5 4 6 9 0.60 0.75 0.90   6 5 7 10 0.80 0.90 1.00   7 6 9 12 0.80 0.90 1.00   8 7 10 12 0.80 0.90 1.00   9 5 8 11 0.60 0.75 0.90   10 8 10 13 0.50 0.60 0.70   
