20 10 1
10   2   7 11 18 25 0.90 1.00 1.00   4 4 5 6 0.60 0.75 0.90   2   5 6 7 9 0.80 0.90 1.00   7 4 7 10 0.90 1.00 1.00   1   3 12 19 26 0.60 0.75 0.90   1   7 8 14 21 0.80 0.90 1.00   2   4 3 5 6 0.80 0.90 1.00   10 8 12 13 0.60 0.75 0.90   1   1 5 10 11 0.80 0.90 1.00   1   10 14 18 24 0.60 0.75 0.90   2   7 7 10 15 0.90 1.00 1.00   8 13 19 22 0.60 0.75 0.90   2   3 7 11 12 0.60 0.75 0.90   8 6 9 12 0.60 0.75 0.90   2   3 4 5 6 0.60 0.75 0.90   8 11 12 13 0.60 0.75 0.90   
12   1   2 4 5 8 0.60 0.75 0.90   2   7 17 18 27 0.80 0.90 1.00   4 4 5 8 0.60 0.75 0.90   2   3 4 5 7 0.60 0.75 0.90   8 6 12 18 0.80 0.90 1.00   1   1 9 10 14 0.80 0.90 1.00   1   10 10 19 29 0.50 0.60 0.70   2   3 14 15 17 0.50 0.60 0.70   4 11 19 20 0.60 0.75 0.90   1   7 13 14 18 0.90 1.00 1.00   1   5 5 9 14 0.80 0.90 1.00   2   5 13 14 18 0.60 0.75 0.90   9 2 5 8 0.90 1.00 1.00   1   1 10 19 28 0.80 0.90 1.00   2   7 6 10 11 0.80 0.90 1.00   8 14 19 21 0.60 0.75 0.90   1   1 9 16 24 0.60 0.75 0.90   
14   2   5 12 14 21 0.80 0.90 1.00   9 4 5 6 0.80 0.90 1.00   1   1 16 19 28 0.80 0.90 1.00   1   1 6 10 13 0.60 0.75 0.90   1   3 12 19 28 0.60 0.75 0.90   2   7 16 18 21 0.80 0.90 1.00   4 3 5 8 0.80 0.90 1.00   2   4 2 5 6 0.60 0.75 0.90   10 11 12 13 0.60 0.75 0.90   2   3 4 5 8 0.60 0.75 0.90   8 10 12 17 0.60 0.75 0.90   1   10 6 10 11 0.50 0.60 0.70   1   5 5 9 14 0.80 0.90 1.00   1   1 5 7 10 0.80 0.90 1.00   2   7 9 10 14 0.80 0.90 1.00   8 10 19 27 0.80 0.90 1.00   1   1 8 10 12 0.60 0.75 0.90   1   10 14 19 23 0.50 0.60 0.70   1   10 13 18 27 0.60 0.75 0.90   
10   1   10 6 10 15 0.60 0.75 0.90   2   5 5 7 9 0.60 0.75 0.90   7 4 7 10 0.90 1.00 1.00   1   7 10 14 15 0.90 1.00 1.00   1   1 9 10 14 0.60 0.75 0.90   1   10 12 18 19 0.60 0.75 0.90   2   3 10 15 21 0.60 0.75 0.90   7 12 13 15 0.80 0.90 1.00   2   10 8 14 15 0.60 0.75 0.90   5 3 7 11 0.60 0.75 0.90   2   3 10 11 14 0.50 0.60 0.70   8 8 9 12 0.60 0.75 0.90   1   9 10 11 12 0.90 1.00 1.00   1   5 4 9 14 0.80 0.90 1.00   
12   1   5 7 9 12 0.60 0.75 0.90   2   5 13 14 16 0.80 0.90 1.00   9 4 5 7 0.90 1.00 1.00   2   7 16 18 27 0.80 0.90 1.00   4 3 5 8 0.60 0.75 0.90   2   3 7 11 15 0.60 0.75 0.90   8 6 9 13 0.80 0.90 1.00   1   1 9 10 14 0.60 0.75 0.90   1   9 5 11 12 0.80 0.90 1.00   1   1 4 7 10 0.60 0.75 0.90   1   7 7 14 16 0.80 0.90 1.00   2   4 2 5 7 0.80 0.90 1.00   10 11 12 14 0.60 0.75 0.90   2   3 9 15 22 0.50 0.60 0.70   4 18 19 24 0.60 0.75 0.90   1   8 16 18 27 0.80 0.90 1.00   1   10 15 19 28 0.50 0.60 0.70   
10   2   3 13 15 22 0.60 0.75 0.90   7 11 13 18 0.80 0.90 1.00   1   3 18 19 26 0.50 0.60 0.70   1   5 6 9 11 0.60 0.75 0.90   1   10 16 19 27 0.60 0.75 0.90   2   3 4 5 7 0.50 0.60 0.70   8 11 12 14 0.60 0.75 0.90   2   7 13 18 26 0.80 0.90 1.00   4 4 5 7 0.60 0.75 0.90   2   8 9 14 15 0.60 0.75 0.90   10 6 9 14 0.60 0.75 0.90   2   4 4 5 7 0.80 0.90 1.00   10 8 12 16 0.50 0.60 0.70   1   10 13 18 24 0.60 0.75 0.90   1   1 5 7 8 0.60 0.75 0.90   
12   1   1 8 10 13 0.60 0.75 0.90   1   10 12 18 27 0.50 0.60 0.70   1   1 3 7 8 0.80 0.90 1.00   1   5 6 9 12 0.60 0.75 0.90   2   8 10 14 17 0.80 0.90 1.00   10 6 9 13 0.50 0.60 0.70   2   7 5 10 11 0.90 1.00 1.00   8 11 19 25 0.60 0.75 0.90   2   3 8 15 16 0.60 0.75 0.90   4 16 19 20 0.80 0.90 1.00   2   10 10 14 20 0.50 0.60 0.70   5 6 7 8 0.60 0.75 0.90   1   8 15 18 23 0.60 0.75 0.90   1   10 11 19 24 0.60 0.75 0.90   1   1 15 19 28 0.80 0.90 1.00   1   1 5 10 14 0.60 0.75 0.90   
11   1   1 9 10 14 0.60 0.75 0.90   1   7 11 14 21 0.80 0.90 1.00   1   1 8 10 14 0.60 0.75 0.90   2   3 10 15 17 0.60 0.75 0.90   4 12 19 20 0.80 0.90 1.00   2   5 12 14 15 0.60 0.75 0.90   9 2 5 8 0.90 1.00 1.00   2   7 16 18 22 0.80 0.90 1.00   4 4 5 7 0.80 0.90 1.00   1   3 9 19 22 0.50 0.60 0.70   1   1 9 19 23 0.80 0.90 1.00   2   4 4 5 7 0.80 0.90 1.00   10 6 12 16 0.50 0.60 0.70   1   5 8 9 11 0.80 0.90 1.00   1   10 17 19 22 0.60 0.75 0.90   
14   2   7 9 10 15 0.80 0.90 1.00   8 11 19 23 0.60 0.75 0.90   2   8 8 14 20 0.80 0.90 1.00   10 6 9 11 0.50 0.60 0.70   1   1 15 19 20 0.80 0.90 1.00   1   10 15 19 25 0.60 0.75 0.90   2   10 10 14 19 0.60 0.75 0.90   5 5 7 10 0.60 0.75 0.90   1   2 4 5 7 0.50 0.60 0.70   2   4 3 5 6 0.80 0.90 1.00   10 8 12 13 0.50 0.60 0.70   2   5 4 7 10 0.80 0.90 1.00   7 5 7 9 0.80 0.90 1.00   1   1 14 16 17 0.60 0.75 0.90   1   1 4 7 10 0.60 0.75 0.90   1   9 9 11 12 0.90 1.00 1.00   1   3 15 19 27 0.60 0.75 0.90   1   1 5 10 14 0.80 0.90 1.00   1   10 9 18 27 0.50 0.60 0.70   
11   1   10 17 19 26 0.60 0.75 0.90   2   10 10 14 15 0.50 0.60 0.70   5 3 7 9 0.80 0.90 1.00   1   8 11 18 19 0.80 0.90 1.00   2   3 9 11 15 0.50 0.60 0.70   8 8 9 12 0.80 0.90 1.00   1   1 5 7 10 0.60 0.75 0.90   1   1 6 10 12 0.60 0.75 0.90   2   5 11 14 17 0.80 0.90 1.00   9 2 5 7 0.90 1.00 1.00   2   3 11 15 19 0.60 0.75 0.90   4 10 19 22 0.60 0.75 0.90   1   10 10 18 19 0.60 0.75 0.90   1   3 15 19 27 0.50 0.60 0.70   1   1 15 19 25 0.80 0.90 1.00   
11   2   5 10 14 15 0.60 0.75 0.90   9 3 5 7 0.90 1.00 1.00   1   1 6 10 12 0.80 0.90 1.00   1   8 13 18 25 0.80 0.90 1.00   2   3 8 15 16 0.50 0.60 0.70   4 18 19 26 0.60 0.75 0.90   2   7 6 10 15 0.80 0.90 1.00   8 17 19 23 0.80 0.90 1.00   2   3 3 5 6 0.60 0.75 0.90   8 6 12 14 0.80 0.90 1.00   2   3 10 11 15 0.50 0.60 0.70   8 8 9 13 0.80 0.90 1.00   2   8 8 14 17 0.80 0.90 1.00   10 8 9 10 0.60 0.75 0.90   1   10 8 10 15 0.50 0.60 0.70   1   9 7 11 13 0.80 0.90 1.00   1   3 16 19 24 0.60 0.75 0.90   
10   1   10 10 19 28 0.50 0.60 0.70   2   3 8 11 15 0.50 0.60 0.70   8 5 9 10 0.80 0.90 1.00   2   5 4 7 8 0.80 0.90 1.00   7 5 7 9 0.80 0.90 1.00   1   1 15 16 17 0.80 0.90 1.00   1   7 7 14 18 0.90 1.00 1.00   2   7 14 18 22 0.80 0.90 1.00   4 4 5 6 0.80 0.90 1.00   2   4 4 5 6 0.80 0.90 1.00   10 7 12 15 0.50 0.60 0.70   1   1 7 10 11 0.60 0.75 0.90   1   8 10 18 25 0.60 0.75 0.90   2   5 8 14 19 0.60 0.75 0.90   9 2 5 8 0.90 1.00 1.00   
11   2   10 12 14 19 0.60 0.75 0.90   5 4 7 9 0.60 0.75 0.90   1   10 10 19 21 0.50 0.60 0.70   2   7 9 10 11 0.90 1.00 1.00   8 17 19 25 0.60 0.75 0.90   2   3 11 15 18 0.60 0.75 0.90   4 16 19 20 0.80 0.90 1.00   1   1 11 19 26 0.80 0.90 1.00   1   8 13 18 21 0.60 0.75 0.90   2   8 8 14 20 0.80 0.90 1.00   10 5 9 12 0.50 0.60 0.70   2   3 5 11 16 0.60 0.75 0.90   8 8 9 11 0.60 0.75 0.90   1   10 10 18 22 0.50 0.60 0.70   2   5 10 14 21 0.60 0.75 0.90   9 2 5 7 0.80 0.90 1.00   1   2 3 5 8 0.50 0.60 0.70   
11   1   1 7 10 11 0.60 0.75 0.90   2   5 5 7 9 0.80 0.90 1.00   7 5 7 8 0.90 1.00 1.00   1   1 9 10 11 0.80 0.90 1.00   1   9 5 11 16 0.90 1.00 1.00   1   7 9 14 21 0.80 0.90 1.00   2   3 7 15 23 0.50 0.60 0.70   7 12 13 20 0.90 1.00 1.00   2   8 10 14 15 0.80 0.90 1.00   10 7 9 14 0.60 0.75 0.90   1   1 9 16 17 0.60 0.75 0.90   2   3 3 5 8 0.60 0.75 0.90   8 10 12 13 0.80 0.90 1.00   2   5 12 14 15 0.80 0.90 1.00   9 3 5 7 0.90 1.00 1.00   1   2 4 5 8 0.60 0.75 0.90   
11   2   5 11 14 16 0.80 0.90 1.00   9 4 5 6 0.80 0.90 1.00   2   5 6 7 8 0.60 0.75 0.90   7 4 7 8 0.80 0.90 1.00   1   7 9 14 17 0.80 0.90 1.00   1   10 8 10 14 0.50 0.60 0.70   2   7 8 10 11 0.80 0.90 1.00   8 13 19 21 0.80 0.90 1.00   2   3 8 15 20 0.50 0.60 0.70   4 10 19 27 0.80 0.90 1.00   2   7 10 18 24 0.80 0.90 1.00   4 3 5 7 0.60 0.75 0.90   1   1 5 7 9 0.60 0.75 0.90   2   3 6 11 12 0.50 0.60 0.70   8 6 9 11 0.80 0.90 1.00   1   1 10 19 25 0.60 0.75 0.90   1   8 9 18 24 0.60 0.75 0.90   
11   1   2 2 5 7 0.50 0.60 0.70   2   7 7 10 11 0.90 1.00 1.00   8 12 19 29 0.80 0.90 1.00   1   10 7 10 13 0.60 0.75 0.90   1   9 6 11 12 0.90 1.00 1.00   1   8 10 18 19 0.80 0.90 1.00   2   10 10 14 19 0.60 0.75 0.90   5 5 7 9 0.60 0.75 0.90   2   5 11 14 19 0.80 0.90 1.00   9 2 5 7 0.90 1.00 1.00   1   1 5 10 11 0.80 0.90 1.00   1   1 14 19 21 0.80 0.90 1.00   2   3 10 15 21 0.50 0.60 0.70   7 12 13 19 0.90 1.00 1.00   2   8 11 14 21 0.60 0.75 0.90   10 7 9 10 0.50 0.60 0.70   
13   1   10 8 10 11 0.60 0.75 0.90   2   5 7 14 15 0.60 0.75 0.90   9 4 5 6 0.90 1.00 1.00   1   5 8 9 10 0.60 0.75 0.90   1   10 12 19 24 0.60 0.75 0.90   1   1 8 10 11 0.80 0.90 1.00   2   3 4 5 6 0.50 0.60 0.70   8 11 12 16 0.60 0.75 0.90   1   2 3 5 6 0.50 0.60 0.70   2   10 8 14 20 0.50 0.60 0.70   5 6 7 9 0.60 0.75 0.90   1   1 7 10 12 0.60 0.75 0.90   2   8 8 14 21 0.80 0.90 1.00   10 6 9 10 0.60 0.75 0.90   2   3 14 15 20 0.50 0.60 0.70   7 10 13 15 0.80 0.90 1.00   1   1 11 16 18 0.80 0.90 1.00   1   7 9 14 15 0.80 0.90 1.00   
11   2   3 14 15 18 0.50 0.60 0.70   7 12 13 19 0.90 1.00 1.00   1   2 2 5 6 0.60 0.75 0.90   1   10 17 19 24 0.50 0.60 0.70   1   3 15 19 26 0.60 0.75 0.90   1   8 14 18 27 0.60 0.75 0.90   1   1 3 7 11 0.60 0.75 0.90   1   5 7 9 11 0.80 0.90 1.00   1   7 7 14 16 0.90 1.00 1.00   2   7 16 18 23 0.90 1.00 1.00   4 2 5 7 0.80 0.90 1.00   1   1 8 10 11 0.80 0.90 1.00   2   5 7 14 19 0.60 0.75 0.90   9 4 5 7 0.90 1.00 1.00   
10   2   7 6 10 12 0.80 0.90 1.00   8 12 19 21 0.80 0.90 1.00   1   2 2 5 7 0.60 0.75 0.90   2   3 10 11 14 0.50 0.60 0.70   8 6 9 14 0.80 0.90 1.00   1   9 8 11 15 0.90 1.00 1.00   2   4 3 5 8 0.80 0.90 1.00   10 11 12 15 0.50 0.60 0.70   1   10 15 18 25 0.60 0.75 0.90   2   7 9 18 23 0.80 0.90 1.00   4 2 5 6 0.60 0.75 0.90   2   8 10 14 17 0.80 0.90 1.00   10 4 9 13 0.50 0.60 0.70   2   3 2 5 6 0.50 0.60 0.70   8 10 12 17 0.80 0.90 1.00   1   10 16 19 20 0.50 0.60 0.70   
10   1   10 14 18 27 0.50 0.60 0.70   1   10 8 10 13 0.50 0.60 0.70   1   7 11 14 15 0.90 1.00 1.00   1   9 8 11 16 0.90 1.00 1.00   2   3 13 15 16 0.50 0.60 0.70   7 11 13 18 0.80 0.90 1.00   1   2 4 5 7 0.60 0.75 0.90   2   8 13 14 20 0.60 0.75 0.90   10 7 9 10 0.50 0.60 0.70   2   3 3 5 7 0.50 0.60 0.70   8 6 12 18 0.60 0.75 0.90   1   5 4 9 14 0.60 0.75 0.90   1   1 9 16 23 0.60 0.75 0.90   
