15 8 1
8   1   1 3 6 8 0.50 0.60 0.70   2   1 5 6 9 0.50 0.60 0.70   7 5 9 14 0.90 1.00 1.00   2   6 6 7 9 0.60 0.75 0.90   3 1 2 3 0.60 0.75 0.90   2   4 1 2 3 0.80 0.90 1.00   7 3 5 6 0.90 1.00 1.00   3   1 5 8 9 0.50 0.60 0.70   3 8 9 14 0.60 0.75 0.90   8 7 9 12 0.60 0.75 0.90   3   2 1 3 4 0.50 0.60 0.70   4 7 8 10 0.80 0.90 1.00   3 1 2 3 0.60 0.75 0.90   2   5 4 5 6 0.60 0.75 0.90   6 5 7 9 0.60 0.75 0.90   2   6 1 2 3 0.60 0.75 0.90   4 6 7 10 0.60 0.75 0.90   
7   1   6 1 2 3 0.60 0.75 0.90   2   6 1 2 3 0.60 0.75 0.90   4 5 7 9 0.60 0.75 0.90   1   1 5 6 8 0.50 0.60 0.70   2   6 4 7 8 0.80 0.90 1.00   3 1 2 3 0.80 0.90 1.00   3   2 1 3 4 0.60 0.75 0.90   4 6 8 11 0.80 0.90 1.00   3 1 2 3 0.80 0.90 1.00   1   6 1 2 3 0.60 0.75 0.90   1   7 1 2 3 0.80 0.90 1.00   
6   1   6 1 2 3 0.80 0.90 1.00   3   2 1 3 5 0.60 0.75 0.90   4 5 8 9 0.80 0.90 1.00   3 1 2 3 0.60 0.75 0.90   3   3 1 2 3 0.60 0.75 0.90   7 1 2 3 0.80 0.90 1.00   4 2 4 5 0.60 0.75 0.90   2   4 1 2 3 0.60 0.75 0.90   7 3 5 8 0.90 1.00 1.00   2   1 3 7 10 0.60 0.75 0.90   3 5 7 9 0.80 0.90 1.00   2   4 2 4 5 0.60 0.75 0.90   3 1 2 3 0.60 0.75 0.90   
5   1   7 1 2 3 0.90 1.00 1.00   1   1 3 6 7 0.60 0.75 0.90   2   1 5 6 9 0.60 0.75 0.90   7 4 9 12 0.90 1.00 1.00   2   6 6 7 8 0.60 0.75 0.90   3 1 2 3 0.80 0.90 1.00   2   4 2 5 6 0.80 0.90 1.00   5 4 7 8 0.50 0.60 0.70   
7   1   7 1 2 3 0.80 0.90 1.00   2   1 4 6 8 0.50 0.60 0.70   7 5 9 13 0.80 0.90 1.00   2   4 3 4 5 0.60 0.75 0.90   3 1 2 3 0.80 0.90 1.00   3   1 5 8 9 0.50 0.60 0.70   3 8 9 12 0.60 0.75 0.90   8 4 9 12 0.60 0.75 0.90   2   1 6 7 8 0.50 0.60 0.70   3 4 7 9 0.60 0.75 0.90   3   2 2 3 5 0.50 0.60 0.70   4 6 8 11 0.80 0.90 1.00   3 1 2 3 0.60 0.75 0.90   2   4 4 5 7 0.80 0.90 1.00   5 3 7 8 0.60 0.75 0.90   
9   1   6 1 2 3 0.80 0.90 1.00   2   4 3 4 5 0.80 0.90 1.00   3 1 2 3 0.60 0.75 0.90   3   3 1 2 3 0.60 0.75 0.90   7 1 2 3 0.90 1.00 1.00   4 2 4 5 0.60 0.75 0.90   2   6 1 2 3 0.80 0.90 1.00   4 4 7 9 0.60 0.75 0.90   2   4 4 5 7 0.80 0.90 1.00   5 3 7 8 0.50 0.60 0.70   3   1 6 8 11 0.50 0.60 0.70   3 8 9 14 0.80 0.90 1.00   8 5 9 12 0.80 0.90 1.00   2   1 6 7 9 0.50 0.60 0.70   3 5 7 11 0.80 0.90 1.00   1   6 1 2 3 0.80 0.90 1.00   2   1 3 6 8 0.50 0.60 0.70   7 4 9 12 0.90 1.00 1.00   
5   2   5 4 5 6 0.60 0.75 0.90   6 4 7 9 0.80 0.90 1.00   2   1 4 7 11 0.50 0.60 0.70   3 3 7 9 0.60 0.75 0.90   2   6 1 2 3 0.60 0.75 0.90   4 6 7 9 0.60 0.75 0.90   1   6 1 2 3 0.80 0.90 1.00   2   6 3 7 9 0.80 0.90 1.00   3 1 2 3 0.60 0.75 0.90   
6   2   4 3 5 6 0.80 0.90 1.00   5 4 7 8 0.50 0.60 0.70   2   5 3 5 6 0.60 0.75 0.90   6 5 7 10 0.60 0.75 0.90   3   2 2 3 4 0.50 0.60 0.70   4 7 8 9 0.80 0.90 1.00   3 1 2 3 0.80 0.90 1.00   1   6 1 2 3 0.80 0.90 1.00   1   6 1 2 3 0.80 0.90 1.00   2   1 4 6 9 0.60 0.75 0.90   7 6 9 11 0.90 1.00 1.00   
9   1   1 3 6 9 0.50 0.60 0.70   2   1 4 6 9 0.60 0.75 0.90   7 4 9 11 0.90 1.00 1.00   2   4 3 4 6 0.80 0.90 1.00   3 1 2 3 0.80 0.90 1.00   3   1 6 8 11 0.60 0.75 0.90   3 4 9 12 0.80 0.90 1.00   8 6 9 11 0.60 0.75 0.90   2   4 1 2 3 0.80 0.90 1.00   7 4 5 7 0.80 0.90 1.00   2   6 1 2 3 0.60 0.75 0.90   4 4 7 8 0.80 0.90 1.00   1   7 1 2 3 0.80 0.90 1.00   2   1 5 7 8 0.60 0.75 0.90   3 6 7 10 0.60 0.75 0.90   3   2 2 3 5 0.50 0.60 0.70   4 6 8 10 0.60 0.75 0.90   3 1 2 3 0.60 0.75 0.90   
5   2   5 4 5 7 0.50 0.60 0.70   6 6 7 10 0.60 0.75 0.90   1   1 3 6 9 0.50 0.60 0.70   1   7 1 2 3 0.80 0.90 1.00   2   4 4 5 7 0.60 0.75 0.90   5 4 7 9 0.50 0.60 0.70   2   1 4 6 8 0.60 0.75 0.90   7 4 9 10 0.90 1.00 1.00   
4   3   1 5 8 11 0.50 0.60 0.70   3 7 9 13 0.60 0.75 0.90   8 7 9 10 0.60 0.75 0.90   1   1 4 6 8 0.50 0.60 0.70   3   2 2 3 5 0.50 0.60 0.70   4 4 8 12 0.60 0.75 0.90   3 1 2 3 0.60 0.75 0.90   2   4 1 2 3 0.80 0.90 1.00   7 4 5 7 0.90 1.00 1.00   
6   2   4 1 2 3 0.80 0.90 1.00   7 4 5 6 0.90 1.00 1.00   1   6 1 2 3 0.60 0.75 0.90   1   1 5 6 8 0.50 0.60 0.70   2   1 4 7 8 0.50 0.60 0.70   3 4 7 11 0.60 0.75 0.90   3   1 6 8 9 0.60 0.75 0.90   3 5 9 14 0.80 0.90 1.00   8 6 9 14 0.80 0.90 1.00   1   7 1 2 3 0.80 0.90 1.00   
4   1   6 1 2 3 0.80 0.90 1.00   2   6 6 7 10 0.60 0.75 0.90   3 1 2 3 0.80 0.90 1.00   2   6 1 2 3 0.60 0.75 0.90   4 3 7 9 0.60 0.75 0.90   2   5 3 5 7 0.50 0.60 0.70   6 4 7 8 0.80 0.90 1.00   
3   2   5 3 5 7 0.60 0.75 0.90   6 3 7 10 0.80 0.90 1.00   1   6 1 2 3 0.80 0.90 1.00   2   4 1 2 3 0.60 0.75 0.90   7 4 5 8 0.90 1.00 1.00   
6   2   4 3 5 6 0.60 0.75 0.90   5 4 7 8 0.60 0.75 0.90   1   7 1 2 3 0.80 0.90 1.00   3   1 6 8 10 0.50 0.60 0.70   3 7 9 11 0.60 0.75 0.90   8 7 9 12 0.60 0.75 0.90   3   2 2 3 4 0.50 0.60 0.70   4 7 8 10 0.60 0.75 0.90   3 1 2 3 0.80 0.90 1.00   3   3 1 2 3 0.80 0.90 1.00   7 1 2 3 0.80 0.90 1.00   4 3 4 5 0.60 0.75 0.90   1   1 4 6 7 0.50 0.60 0.70   
