20 10 2
12   2   2 7 10 13 0.60 0.75 0.90   1 10 11 15 0.80 0.90 1.00   1   8 9 17 20 0.80 0.90 1.00   1   8 8 14 15 0.80 0.90 1.00   1   1 8 10 12 0.60 0.75 0.90   2   2 14 16 22 0.80 0.90 1.00   10 15 18 27 0.60 0.75 0.90   2   9 4 6 9 0.80 0.90 1.00   2 11 12 16 0.80 0.90 1.00   4   7 6 9 13 0.60 0.75 0.90   4 7 11 16 0.80 0.90 1.00   3 5 10 11 0.80 0.90 1.00   1 14 16 23 0.80 0.90 1.00   2   5 18 19 23 0.60 0.75 0.90   1 5 7 10 0.60 0.75 0.90   1   9 10 11 16 0.80 0.90 1.00   1   4 9 16 21 0.80 0.90 1.00   1   2 4 5 6 0.60 0.75 0.90   5   7 6 9 10 0.60 0.75 0.90   9 8 9 10 0.60 0.75 0.90   4 4 6 9 0.90 1.00 1.00   8 8 14 18 0.60 0.75 0.90   6 15 16 19 0.90 1.00 1.00   
13   1   8 11 17 24 0.80 0.90 1.00   2   5 5 6 8 0.50 0.60 0.70   4 6 11 15 0.90 1.00 1.00   2   2 7 10 12 0.60 0.75 0.90   1 8 11 16 0.60 0.75 0.90   2   5 7 9 12 0.50 0.60 0.70   8 6 8 11 0.80 0.90 1.00   2   2 11 16 22 0.60 0.75 0.90   3 8 11 14 0.60 0.75 0.90   4   1 6 8 9 0.80 0.90 1.00   5 11 14 21 0.50 0.60 0.70   10 9 15 21 0.60 0.75 0.90   6 7 12 17 0.90 1.00 1.00   4   6 5 10 14 0.90 1.00 1.00   8 7 15 16 0.80 0.90 1.00   7 4 5 7 0.60 0.75 0.90   2 6 8 9 0.60 0.75 0.90   2   5 9 19 26 0.50 0.60 0.70   1 6 7 8 0.60 0.75 0.90   4   7 5 9 11 0.50 0.60 0.70   4 10 11 14 0.80 0.90 1.00   3 9 10 14 0.80 0.90 1.00   1 8 16 17 0.60 0.75 0.90   1   1 6 10 14 0.80 0.90 1.00   4   1 13 16 23 0.80 0.90 1.00   3 9 11 12 0.80 0.90 1.00   7 16 17 24 0.60 0.75 0.90   4 4 7 10 0.80 0.90 1.00   1   4 11 16 23 0.80 0.90 1.00   4   3 10 11 14 0.60 0.75 0.90   5 7 8 10 0.60 0.75 0.90   7 6 11 13 0.60 0.75 0.90   9 11 17 18 0.80 0.90 1.00   
11   4   6 9 10 15 0.90 1.00 1.00   8 13 15 22 0.60 0.75 0.90   7 4 5 7 0.50 0.60 0.70   2 7 8 11 0.80 0.90 1.00   2   5 6 9 14 0.60 0.75 0.90   8 6 8 10 0.60 0.75 0.90   2   2 15 16 24 0.80 0.90 1.00   10 14 18 19 0.60 0.75 0.90   2   2 6 10 13 0.60 0.75 0.90   1 9 11 16 0.60 0.75 0.90   5   7 5 9 11 0.60 0.75 0.90   9 6 9 11 0.80 0.90 1.00   4 5 6 8 0.90 1.00 1.00   8 7 14 15 0.80 0.90 1.00   6 8 16 21 0.90 1.00 1.00   1   4 12 16 18 0.80 0.90 1.00   2   5 16 19 24 0.60 0.75 0.90   1 5 7 9 0.60 0.75 0.90   1   1 6 10 15 0.80 0.90 1.00   2   5 3 6 8 0.60 0.75 0.90   4 7 11 15 0.90 1.00 1.00   2   2 14 16 20 0.60 0.75 0.90   3 9 11 15 0.80 0.90 1.00   1   3 7 14 17 0.60 0.75 0.90   
11   4   1 7 8 12 0.80 0.90 1.00   5 7 14 17 0.60 0.75 0.90   10 13 15 21 0.50 0.60 0.70   6 8 12 16 0.80 0.90 1.00   2   5 12 19 20 0.60 0.75 0.90   1 3 7 11 0.80 0.90 1.00   4   4 10 11 16 0.80 0.90 1.00   8 8 16 17 0.60 0.75 0.90   9 11 15 20 0.60 0.75 0.90   1 4 6 8 0.80 0.90 1.00   1   8 8 14 19 0.80 0.90 1.00   1   4 10 16 19 0.90 1.00 1.00   1   8 9 17 21 0.80 0.90 1.00   4   1 10 16 23 0.60 0.75 0.90   3 9 11 14 0.80 0.90 1.00   7 12 17 21 0.50 0.60 0.70   4 6 7 10 0.90 1.00 1.00   4   10 5 6 8 0.60 0.75 0.90   8 12 13 20 0.60 0.75 0.90   5 3 5 8 0.50 0.60 0.70   2 6 8 12 0.80 0.90 1.00   1   3 12 14 21 0.80 0.90 1.00   4   7 4 9 11 0.50 0.60 0.70   4 7 11 15 0.80 0.90 1.00   3 5 10 12 0.80 0.90 1.00   1 15 16 24 0.80 0.90 1.00   1   1 8 10 12 0.80 0.90 1.00   
14   1   8 11 17 20 0.60 0.75 0.90   1   4 9 16 24 0.80 0.90 1.00   1   5 4 9 11 0.50 0.60 0.70   4   10 3 6 7 0.50 0.60 0.70   8 8 13 18 0.80 0.90 1.00   5 4 5 7 0.60 0.75 0.90   2 4 8 10 0.80 0.90 1.00   4   1 14 16 23 0.60 0.75 0.90   3 8 11 12 0.60 0.75 0.90   7 15 17 23 0.60 0.75 0.90   4 5 7 9 0.80 0.90 1.00   2   2 11 16 22 0.60 0.75 0.90   10 15 18 22 0.60 0.75 0.90   4   6 8 10 14 0.80 0.90 1.00   8 13 15 22 0.60 0.75 0.90   7 4 5 7 0.50 0.60 0.70   2 4 8 11 0.60 0.75 0.90   1   8 12 14 19 0.60 0.75 0.90   2   5 5 6 9 0.60 0.75 0.90   4 6 11 14 0.80 0.90 1.00   4   2 3 5 8 0.80 0.90 1.00   7 12 13 18 0.50 0.60 0.70   10 5 10 14 0.60 0.75 0.90   5 9 11 14 0.50 0.60 0.70   5   7 8 9 11 0.60 0.75 0.90   9 8 9 12 0.60 0.75 0.90   4 4 6 9 0.80 0.90 1.00   8 11 14 18 0.60 0.75 0.90   6 8 16 24 0.90 1.00 1.00   2   5 6 9 14 0.50 0.60 0.70   8 7 8 12 0.60 0.75 0.90   4   1 6 8 9 0.60 0.75 0.90   5 8 14 17 0.50 0.60 0.70   10 13 15 16 0.50 0.60 0.70   6 6 12 17 0.80 0.90 1.00   2   5 10 19 28 0.60 0.75 0.90   1 4 7 11 0.80 0.90 1.00   
11   4   2 4 5 8 0.80 0.90 1.00   7 7 13 15 0.60 0.75 0.90   10 9 10 14 0.60 0.75 0.90   5 10 11 16 0.60 0.75 0.90   2   2 12 16 22 0.60 0.75 0.90   10 16 18 23 0.50 0.60 0.70   1   1 6 10 11 0.80 0.90 1.00   1   3 10 14 21 0.80 0.90 1.00   1   5 8 9 11 0.60 0.75 0.90   5   7 6 9 11 0.50 0.60 0.70   9 4 9 13 0.80 0.90 1.00   4 5 6 8 0.90 1.00 1.00   8 7 14 18 0.80 0.90 1.00   6 9 16 24 0.90 1.00 1.00   1   8 9 17 19 0.60 0.75 0.90   1   8 12 14 16 0.60 0.75 0.90   1   2 4 5 6 0.60 0.75 0.90   4   6 7 10 14 0.80 0.90 1.00   8 8 15 21 0.80 0.90 1.00   7 4 5 7 0.60 0.75 0.90   2 6 8 11 0.60 0.75 0.90   4   4 10 11 16 0.80 0.90 1.00   8 9 16 22 0.80 0.90 1.00   9 12 15 20 0.60 0.75 0.90   1 4 6 7 0.60 0.75 0.90   
14   1   8 8 14 19 0.60 0.75 0.90   1   8 14 17 26 0.80 0.90 1.00   2   5 8 9 11 0.50 0.60 0.70   8 6 8 9 0.60 0.75 0.90   1   4 14 16 22 0.90 1.00 1.00   1   1 9 10 13 0.80 0.90 1.00   4   2 4 5 7 0.60 0.75 0.90   7 6 13 15 0.60 0.75 0.90   10 9 10 15 0.50 0.60 0.70   5 7 11 14 0.50 0.60 0.70   1   2 3 5 6 0.60 0.75 0.90   2   5 3 6 8 0.50 0.60 0.70   4 7 11 14 0.80 0.90 1.00   5   7 8 9 12 0.50 0.60 0.70   9 6 9 11 0.60 0.75 0.90   4 5 6 9 0.80 0.90 1.00   8 13 14 17 0.80 0.90 1.00   6 9 16 24 0.90 1.00 1.00   4   4 7 11 16 0.80 0.90 1.00   8 10 16 22 0.80 0.90 1.00   9 10 15 23 0.80 0.90 1.00   1 4 6 8 0.80 0.90 1.00   5   2 5 8 10 0.80 0.90 1.00   1 17 19 24 0.60 0.75 0.90   8 9 13 16 0.80 0.90 1.00   6 11 14 20 0.90 1.00 1.00   10 13 18 23 0.50 0.60 0.70   4   6 9 10 12 0.90 1.00 1.00   8 11 15 20 0.60 0.75 0.90   7 3 5 8 0.60 0.75 0.90   2 4 8 9 0.60 0.75 0.90   4   1 8 16 18 0.60 0.75 0.90   3 5 11 15 0.80 0.90 1.00   7 14 17 18 0.60 0.75 0.90   4 5 7 10 0.80 0.90 1.00   2   2 15 16 19 0.60 0.75 0.90   10 16 18 20 0.60 0.75 0.90   
13   1   1 9 10 14 0.60 0.75 0.90   4   10 5 6 8 0.60 0.75 0.90   8 11 13 18 0.80 0.90 1.00   5 3 5 6 0.60 0.75 0.90   2 4 8 12 0.80 0.90 1.00   1   5 4 9 10 0.50 0.60 0.70   4   7 6 9 10 0.50 0.60 0.70   4 10 11 12 0.80 0.90 1.00   3 8 10 12 0.60 0.75 0.90   1 13 16 18 0.80 0.90 1.00   1   9 8 11 14 0.60 0.75 0.90   4   2 3 5 7 0.80 0.90 1.00   7 11 13 19 0.60 0.75 0.90   10 6 10 15 0.50 0.60 0.70   5 9 11 12 0.50 0.60 0.70   4   6 6 10 14 0.80 0.90 1.00   8 14 15 16 0.80 0.90 1.00   7 3 5 8 0.50 0.60 0.70   2 4 8 9 0.80 0.90 1.00   1   2 3 5 8 0.60 0.75 0.90   5   2 6 8 9 0.80 0.90 1.00   1 16 19 26 0.60 0.75 0.90   8 12 13 16 0.80 0.90 1.00   6 10 14 21 0.80 0.90 1.00   10 16 18 20 0.60 0.75 0.90   5   7 6 9 10 0.50 0.60 0.70   9 4 9 11 0.80 0.90 1.00   4 4 6 9 0.90 1.00 1.00   8 8 14 18 0.80 0.90 1.00   6 9 16 24 0.80 0.90 1.00   2   2 5 10 12 0.60 0.75 0.90   1 7 11 16 0.80 0.90 1.00   4   1 14 16 22 0.80 0.90 1.00   3 8 11 15 0.60 0.75 0.90   7 14 17 18 0.50 0.60 0.70   4 5 7 11 0.80 0.90 1.00   2   5 4 6 7 0.60 0.75 0.90   4 6 11 16 0.90 1.00 1.00   
11   1   8 16 17 25 0.60 0.75 0.90   1   2 3 5 6 0.80 0.90 1.00   1   1 6 10 12 0.80 0.90 1.00   1   4 8 16 19 0.90 1.00 1.00   2   5 5 6 9 0.50 0.60 0.70   4 8 11 15 0.90 1.00 1.00   4   7 4 9 11 0.60 0.75 0.90   4 10 11 16 0.90 1.00 1.00   3 8 10 13 0.60 0.75 0.90   1 14 16 17 0.80 0.90 1.00   5   2 7 8 12 0.80 0.90 1.00   1 16 19 23 0.80 0.90 1.00   8 8 13 19 0.80 0.90 1.00   6 8 14 17 0.90 1.00 1.00   10 16 18 24 0.60 0.75 0.90   1   9 10 11 13 0.60 0.75 0.90   2   9 4 6 8 0.80 0.90 1.00   2 10 12 18 0.80 0.90 1.00   2   2 9 10 14 0.80 0.90 1.00   1 10 11 14 0.60 0.75 0.90   2   5 5 9 11 0.50 0.60 0.70   8 7 8 11 0.80 0.90 1.00   
12   1   4 13 16 18 0.90 1.00 1.00   4   4 7 11 14 0.90 1.00 1.00   8 14 16 17 0.80 0.90 1.00   9 13 15 17 0.60 0.75 0.90   1 5 6 9 0.80 0.90 1.00   1   3 10 14 16 0.80 0.90 1.00   4   2 3 5 7 0.80 0.90 1.00   7 9 13 17 0.60 0.75 0.90   10 5 10 12 0.50 0.60 0.70   5 6 11 12 0.60 0.75 0.90   1   9 10 11 13 0.60 0.75 0.90   5   7 5 9 11 0.50 0.60 0.70   9 4 9 12 0.60 0.75 0.90   4 4 6 9 0.90 1.00 1.00   8 7 14 20 0.80 0.90 1.00   6 13 16 19 0.80 0.90 1.00   2   5 3 6 9 0.60 0.75 0.90   4 8 11 17 0.80 0.90 1.00   4   1 12 16 24 0.80 0.90 1.00   3 8 11 14 0.60 0.75 0.90   7 10 17 21 0.60 0.75 0.90   4 5 7 8 0.90 1.00 1.00   2   2 6 10 13 0.80 0.90 1.00   1 7 11 16 0.80 0.90 1.00   2   2 14 16 23 0.80 0.90 1.00   3 6 11 13 0.80 0.90 1.00   4   1 5 8 10 0.60 0.75 0.90   5 12 14 16 0.60 0.75 0.90   10 10 15 20 0.50 0.60 0.70   6 7 12 14 0.80 0.90 1.00   1   1 9 10 13 0.80 0.90 1.00   
10   1   9 8 11 16 0.80 0.90 1.00   1   5 8 9 10 0.50 0.60 0.70   5   2 5 8 9 0.80 0.90 1.00   1 17 19 26 0.80 0.90 1.00   8 9 13 17 0.60 0.75 0.90   6 8 14 20 0.80 0.90 1.00   10 13 18 21 0.50 0.60 0.70   1   4 15 16 24 0.90 1.00 1.00   4   4 5 11 17 0.90 1.00 1.00   8 10 16 17 0.80 0.90 1.00   9 14 15 17 0.80 0.90 1.00   1 5 6 9 0.80 0.90 1.00   2   5 8 9 12 0.60 0.75 0.90   8 4 8 11 0.80 0.90 1.00   4   7 7 9 13 0.60 0.75 0.90   4 9 11 13 0.90 1.00 1.00   3 6 10 13 0.80 0.90 1.00   1 13 16 22 0.60 0.75 0.90   1   3 12 14 21 0.60 0.75 0.90   1   1 8 10 11 0.60 0.75 0.90   4   1 15 16 23 0.80 0.90 1.00   3 6 11 16 0.60 0.75 0.90   7 10 17 26 0.50 0.60 0.70   4 5 7 10 0.80 0.90 1.00   
11   4   10 4 6 9 0.50 0.60 0.70   8 12 13 20 0.60 0.75 0.90   5 3 5 6 0.50 0.60 0.70   2 5 8 10 0.80 0.90 1.00   4   4 10 11 15 0.90 1.00 1.00   8 10 16 23 0.80 0.90 1.00   9 12 15 17 0.80 0.90 1.00   1 4 6 7 0.60 0.75 0.90   1   4 8 16 23 0.90 1.00 1.00   2   9 5 6 8 0.80 0.90 1.00   2 7 12 18 0.60 0.75 0.90   4   6 5 10 13 0.80 0.90 1.00   8 14 15 17 0.60 0.75 0.90   7 2 5 7 0.50 0.60 0.70   2 5 8 12 0.80 0.90 1.00   4   7 7 9 12 0.50 0.60 0.70   4 9 11 12 0.90 1.00 1.00   3 6 10 11 0.60 0.75 0.90   1 12 16 19 0.80 0.90 1.00   1   2 4 5 7 0.80 0.90 1.00   1   8 7 14 15 0.60 0.75 0.90   5   7 5 9 13 0.60 0.75 0.90   9 4 9 14 0.80 0.90 1.00   4 5 6 8 0.80 0.90 1.00   8 8 14 19 0.60 0.75 0.90   6 8 16 24 0.90 1.00 1.00   2   5 3 6 7 0.50 0.60 0.70   4 8 11 13 0.80 0.90 1.00   2   2 14 16 18 0.80 0.90 1.00   10 10 18 23 0.60 0.75 0.90   
11   1   2 2 5 8 0.80 0.90 1.00   1   3 11 14 17 0.80 0.90 1.00   2   9 5 6 8 0.80 0.90 1.00   2 10 12 15 0.60 0.75 0.90   1   5 7 9 11 0.60 0.75 0.90   4   2 4 5 7 0.60 0.75 0.90   7 9 13 16 0.60 0.75 0.90   10 6 10 13 0.50 0.60 0.70   5 8 11 16 0.60 0.75 0.90   4   1 9 16 23 0.60 0.75 0.90   3 6 11 14 0.60 0.75 0.90   7 12 17 23 0.60 0.75 0.90   4 6 7 8 0.80 0.90 1.00   2   2 6 10 12 0.60 0.75 0.90   1 6 11 13 0.60 0.75 0.90   1   8 16 17 20 0.60 0.75 0.90   2   5 13 19 29 0.60 0.75 0.90   1 4 7 10 0.80 0.90 1.00   1   1 7 10 13 0.80 0.90 1.00   4   7 5 9 11 0.50 0.60 0.70   4 8 11 13 0.80 0.90 1.00   3 6 10 13 0.60 0.75 0.90   1 13 16 22 0.60 0.75 0.90   
10   4   3 10 11 12 0.80 0.90 1.00   5 5 8 11 0.50 0.60 0.70   7 7 11 17 0.50 0.60 0.70   9 11 17 22 0.80 0.90 1.00   1   1 8 10 11 0.80 0.90 1.00   2   2 10 16 18 0.80 0.90 1.00   10 15 18 21 0.60 0.75 0.90   2   2 7 10 13 0.60 0.75 0.90   1 6 11 16 0.80 0.90 1.00   4   6 6 10 15 0.80 0.90 1.00   8 13 15 22 0.80 0.90 1.00   7 4 5 6 0.50 0.60 0.70   2 7 8 11 0.80 0.90 1.00   4   4 6 11 15 0.80 0.90 1.00   8 14 16 21 0.80 0.90 1.00   9 10 15 17 0.60 0.75 0.90   1 5 6 9 0.60 0.75 0.90   1   4 11 16 18 0.90 1.00 1.00   4   1 12 16 20 0.60 0.75 0.90   3 7 11 12 0.80 0.90 1.00   7 12 17 25 0.60 0.75 0.90   4 6 7 10 0.80 0.90 1.00   4   7 4 9 12 0.60 0.75 0.90   4 7 11 13 0.90 1.00 1.00   3 7 10 11 0.60 0.75 0.90   1 12 16 19 0.80 0.90 1.00   2   2 13 16 23 0.60 0.75 0.90   3 8 11 16 0.80 0.90 1.00   
12   1   1 6 10 12 0.80 0.90 1.00   4   4 10 11 12 0.80 0.90 1.00   8 10 16 20 0.60 0.75 0.90   9 8 15 19 0.80 0.90 1.00   1 5 6 8 0.60 0.75 0.90   4   2 2 5 7 0.80 0.90 1.00   7 10 13 15 0.60 0.75 0.90   10 5 10 15 0.60 0.75 0.90   5 8 11 12 0.60 0.75 0.90   5   2 7 8 11 0.60 0.75 0.90   1 17 19 22 0.80 0.90 1.00   8 9 13 16 0.80 0.90 1.00   6 11 14 18 0.90 1.00 1.00   10 15 18 19 0.50 0.60 0.70   2   5 4 6 7 0.50 0.60 0.70   4 6 11 14 0.80 0.90 1.00   2   9 5 6 9 0.80 0.90 1.00   2 7 12 14 0.80 0.90 1.00   1   2 4 5 6 0.80 0.90 1.00   4   10 4 6 9 0.60 0.75 0.90   8 9 13 15 0.60 0.75 0.90   5 3 5 8 0.50 0.60 0.70   2 7 8 12 0.80 0.90 1.00   1   4 14 16 23 0.80 0.90 1.00   2   2 9 16 21 0.80 0.90 1.00   3 8 11 16 0.80 0.90 1.00   2   2 9 10 13 0.60 0.75 0.90   1 7 11 16 0.80 0.90 1.00   4   6 8 10 11 0.90 1.00 1.00   8 13 15 21 0.60 0.75 0.90   7 2 5 6 0.50 0.60 0.70   2 4 8 10 0.80 0.90 1.00   
14   1   8 15 17 21 0.80 0.90 1.00   4   4 7 11 15 0.80 0.90 1.00   8 11 16 19 0.80 0.90 1.00   9 13 15 17 0.80 0.90 1.00   1 5 6 9 0.60 0.75 0.90   1   3 10 14 15 0.80 0.90 1.00   2   9 3 6 7 0.80 0.90 1.00   2 7 12 16 0.60 0.75 0.90   1   8 10 14 16 0.60 0.75 0.90   4   6 6 10 13 0.80 0.90 1.00   8 10 15 19 0.80 0.90 1.00   7 3 5 6 0.50 0.60 0.70   2 5 8 12 0.60 0.75 0.90   4   7 6 9 12 0.60 0.75 0.90   4 9 11 15 0.90 1.00 1.00   3 8 10 14 0.80 0.90 1.00   1 9 16 24 0.60 0.75 0.90   4   2 3 5 7 0.60 0.75 0.90   7 9 13 19 0.60 0.75 0.90   10 9 10 11 0.60 0.75 0.90   5 5 11 17 0.50 0.60 0.70   4   1 6 8 12 0.80 0.90 1.00   5 7 14 19 0.60 0.75 0.90   10 12 15 19 0.60 0.75 0.90   6 9 12 17 0.80 0.90 1.00   2   2 7 10 15 0.80 0.90 1.00   1 9 11 13 0.60 0.75 0.90   1   4 8 16 21 0.90 1.00 1.00   4   3 6 11 12 0.60 0.75 0.90   5 6 8 9 0.60 0.75 0.90   7 7 11 15 0.50 0.60 0.70   9 9 17 23 0.80 0.90 1.00   2   5 12 19 28 0.60 0.75 0.90   1 5 7 9 0.80 0.90 1.00   4   10 3 6 9 0.60 0.75 0.90   8 11 13 14 0.60 0.75 0.90   5 4 5 6 0.50 0.60 0.70   2 7 8 11 0.80 0.90 1.00   
13   5   2 7 8 10 0.80 0.90 1.00   1 12 19 21 0.60 0.75 0.90   8 11 13 15 0.60 0.75 0.90   6 12 14 17 0.80 0.90 1.00   10 10 18 21 0.60 0.75 0.90   1   9 6 11 15 0.80 0.90 1.00   4   7 6 9 13 0.60 0.75 0.90   4 6 11 16 0.90 1.00 1.00   3 9 10 14 0.80 0.90 1.00   1 14 16 17 0.60 0.75 0.90   1   8 15 17 19 0.60 0.75 0.90   4   10 5 6 9 0.60 0.75 0.90   8 11 13 20 0.80 0.90 1.00   5 3 5 8 0.60 0.75 0.90   2 6 8 9 0.60 0.75 0.90   2   5 5 6 8 0.50 0.60 0.70   4 9 11 13 0.90 1.00 1.00   1   1 9 10 13 0.60 0.75 0.90   4   6 5 10 15 0.80 0.90 1.00   8 14 15 20 0.60 0.75 0.90   7 4 5 6 0.50 0.60 0.70   2 5 8 10 0.60 0.75 0.90   2   2 7 10 15 0.60 0.75 0.90   1 10 11 14 0.80 0.90 1.00   2   2 15 16 20 0.60 0.75 0.90   10 11 18 19 0.50 0.60 0.70   4   1 10 16 19 0.80 0.90 1.00   3 7 11 12 0.80 0.90 1.00   7 13 17 18 0.60 0.75 0.90   4 6 7 8 0.80 0.90 1.00   1   3 10 14 16 0.80 0.90 1.00   2   5 15 19 27 0.50 0.60 0.70   1 5 7 8 0.60 0.75 0.90   
11   5   2 6 8 10 0.60 0.75 0.90   1 11 19 22 0.80 0.90 1.00   8 7 13 17 0.60 0.75 0.90   6 13 14 16 0.80 0.90 1.00   10 12 18 23 0.60 0.75 0.90   5   7 8 9 11 0.60 0.75 0.90   9 5 9 12 0.80 0.90 1.00   4 5 6 9 0.80 0.90 1.00   8 11 14 18 0.60 0.75 0.90   6 10 16 20 0.80 0.90 1.00   2   5 5 6 7 0.60 0.75 0.90   4 7 11 14 0.80 0.90 1.00   4   10 3 6 7 0.60 0.75 0.90   8 10 13 17 0.80 0.90 1.00   5 4 5 8 0.60 0.75 0.90   2 5 8 12 0.80 0.90 1.00   1   3 9 14 15 0.80 0.90 1.00   4   3 9 11 12 0.60 0.75 0.90   5 5 8 9 0.60 0.75 0.90   7 7 11 14 0.60 0.75 0.90   9 14 17 22 0.80 0.90 1.00   1   9 7 11 16 0.80 0.90 1.00   2   2 8 10 12 0.60 0.75 0.90   1 9 11 15 0.80 0.90 1.00   4   2 2 5 7 0.60 0.75 0.90   7 7 13 19 0.60 0.75 0.90   10 9 10 15 0.50 0.60 0.70   5 5 11 16 0.60 0.75 0.90   1   8 7 14 15 0.60 0.75 0.90   4   1 5 8 10 0.80 0.90 1.00   5 9 14 21 0.50 0.60 0.70   10 12 15 21 0.50 0.60 0.70   6 10 12 16 0.80 0.90 1.00   
13   1   3 9 14 19 0.80 0.90 1.00   2   2 8 10 12 0.60 0.75 0.90   1 5 11 15 0.80 0.90 1.00   4   7 8 9 12 0.50 0.60 0.70   4 9 11 16 0.80 0.90 1.00   3 5 10 12 0.80 0.90 1.00   1 14 16 23 0.60 0.75 0.90   2   2 13 16 19 0.60 0.75 0.90   10 16 18 19 0.60 0.75 0.90   2   2 11 16 20 0.60 0.75 0.90   3 6 11 14 0.80 0.90 1.00   4   4 8 11 12 0.80 0.90 1.00   8 14 16 21 0.80 0.90 1.00   9 11 15 22 0.80 0.90 1.00   1 5 6 8 0.80 0.90 1.00   4   1 11 16 18 0.80 0.90 1.00   3 8 11 16 0.60 0.75 0.90   7 15 17 19 0.60 0.75 0.90   4 6 7 10 0.80 0.90 1.00   4   2 4 5 6 0.60 0.75 0.90   7 6 13 18 0.50 0.60 0.70   10 8 10 14 0.50 0.60 0.70   5 10 11 15 0.50 0.60 0.70   4   10 3 6 9 0.50 0.60 0.70   8 10 13 17 0.80 0.90 1.00   5 3 5 7 0.60 0.75 0.90   2 6 8 10 0.80 0.90 1.00   2   5 7 9 10 0.50 0.60 0.70   8 6 8 9 0.80 0.90 1.00   1   2 4 5 8 0.80 0.90 1.00   4   6 7 10 15 0.80 0.90 1.00   8 14 15 23 0.60 0.75 0.90   7 4 5 6 0.60 0.75 0.90   2 4 8 11 0.60 0.75 0.90   1   5 6 9 11 0.50 0.60 0.70   
13   4   1 14 16 19 0.80 0.90 1.00   3 10 11 13 0.60 0.75 0.90   7 16 17 25 0.60 0.75 0.90   4 3 7 8 0.90 1.00 1.00   4   2 3 5 6 0.60 0.75 0.90   7 8 13 18 0.60 0.75 0.90   10 9 10 11 0.60 0.75 0.90   5 10 11 16 0.50 0.60 0.70   4   6 8 10 13 0.80 0.90 1.00   8 11 15 20 0.60 0.75 0.90   7 4 5 7 0.50 0.60 0.70   2 6 8 12 0.60 0.75 0.90   1   3 13 14 17 0.80 0.90 1.00   2   5 3 6 8 0.60 0.75 0.90   4 9 11 16 0.90 1.00 1.00   4   4 10 11 13 0.90 1.00 1.00   8 8 16 22 0.60 0.75 0.90   9 9 15 19 0.60 0.75 0.90   1 5 6 9 0.80 0.90 1.00   1   5 5 9 11 0.50 0.60 0.70   1   1 5 10 12 0.80 0.90 1.00   1   8 13 17 24 0.60 0.75 0.90   2   9 5 6 9 0.60 0.75 0.90   2 11 12 14 0.80 0.90 1.00   5   2 7 8 10 0.60 0.75 0.90   1 11 19 28 0.60 0.75 0.90   8 9 13 19 0.60 0.75 0.90   6 10 14 20 0.90 1.00 1.00   10 17 18 23 0.60 0.75 0.90   2   2 13 16 19 0.60 0.75 0.90   3 5 11 13 0.60 0.75 0.90   2   2 11 16 18 0.80 0.90 1.00   10 12 18 27 0.60 0.75 0.90   
