10 6 2
6   2   1 2 5 8 0.60 0.75 0.90   3 3 4 6 0.60 0.75 0.90   3   5 2 3 4 0.80 0.90 1.00   3 4 5 7 0.60 0.75 0.90   2 1 2 3 0.50 0.60 0.70   2   3 3 4 6 0.80 0.90 1.00   6 1 2 3 0.60 0.75 0.90   3   6 2 5 6 0.60 0.75 0.90   2 4 6 9 0.60 0.75 0.90   1 1 2 3 0.60 0.75 0.90   1   3 1 2 3 0.80 0.90 1.00   3   6 3 6 9 0.60 0.75 0.90   3 3 6 9 0.60 0.75 0.90   4 1 3 4 0.60 0.75 0.90   
5   1   2 4 6 7 0.50 0.60 0.70   1   3 1 2 3 0.80 0.90 1.00   1   1 1 2 3 0.80 0.90 1.00   2   2 5 6 9 0.60 0.75 0.90   4 3 6 7 0.60 0.75 0.90   3   6 2 5 6 0.60 0.75 0.90   2 4 6 8 0.60 0.75 0.90   1 1 2 3 0.80 0.90 1.00   
5   1   2 5 6 8 0.60 0.75 0.90   2   3 3 4 6 0.80 0.90 1.00   6 1 2 3 0.60 0.75 0.90   3   6 4 5 7 0.60 0.75 0.90   2 4 6 7 0.60 0.75 0.90   1 1 2 3 0.80 0.90 1.00   3   3 2 4 5 0.80 0.90 1.00   2 4 6 7 0.50 0.60 0.70   6 3 6 7 0.60 0.75 0.90   2   1 1 2 3 0.80 0.90 1.00   5 2 5 8 0.80 0.90 1.00   
5   3   6 3 5 6 0.50 0.60 0.70   2 5 6 7 0.60 0.75 0.90   1 1 2 3 0.60 0.75 0.90   1   2 3 6 7 0.60 0.75 0.90   1   3 1 2 3 0.80 0.90 1.00   3   5 2 3 4 0.80 0.90 1.00   3 3 5 7 0.60 0.75 0.90   2 1 2 3 0.60 0.75 0.90   2   3 2 4 6 0.80 0.90 1.00   6 1 2 3 0.60 0.75 0.90   
6   3   5 1 3 5 0.90 1.00 1.00   3 4 5 7 0.80 0.90 1.00   2 1 2 3 0.50 0.60 0.70   3   6 3 5 7 0.60 0.75 0.90   2 3 6 7 0.50 0.60 0.70   1 1 2 3 0.80 0.90 1.00   1   2 5 6 8 0.60 0.75 0.90   2   1 4 5 7 0.60 0.75 0.90   3 3 4 6 0.80 0.90 1.00   2   2 5 6 8 0.50 0.60 0.70   4 5 6 8 0.80 0.90 1.00   3   3 2 4 6 0.80 0.90 1.00   2 4 6 7 0.60 0.75 0.90   6 5 6 9 0.60 0.75 0.90   
6   2   3 3 4 6 0.80 0.90 1.00   6 1 2 3 0.50 0.60 0.70   1   1 1 2 3 0.60 0.75 0.90   3   3 3 4 6 0.60 0.75 0.90   2 5 6 9 0.60 0.75 0.90   6 3 6 9 0.60 0.75 0.90   1   2 5 6 8 0.60 0.75 0.90   3   6 4 5 8 0.60 0.75 0.90   2 4 6 9 0.50 0.60 0.70   1 1 2 3 0.60 0.75 0.90   2   1 2 3 4 0.80 0.90 1.00   4 1 2 3 0.80 0.90 1.00   
5   1   6 1 2 3 0.50 0.60 0.70   2   1 1 3 4 0.60 0.75 0.90   4 1 2 3 0.80 0.90 1.00   3   3 3 4 5 0.80 0.90 1.00   2 5 6 7 0.60 0.75 0.90   6 5 6 7 0.50 0.60 0.70   3   2 4 6 7 0.50 0.60 0.70   5 1 2 3 0.80 0.90 1.00   1 4 6 8 0.60 0.75 0.90   1   3 1 2 3 0.80 0.90 1.00   
5   2   3 3 4 5 0.80 0.90 1.00   6 1 2 3 0.50 0.60 0.70   3   3 3 4 5 0.80 0.90 1.00   2 5 6 7 0.50 0.60 0.70   6 3 6 9 0.60 0.75 0.90   3   6 3 5 6 0.50 0.60 0.70   2 5 6 8 0.50 0.60 0.70   1 1 2 3 0.60 0.75 0.90   1   2 5 6 7 0.60 0.75 0.90   2   2 4 6 9 0.60 0.75 0.90   4 4 6 8 0.80 0.90 1.00   
6   1   6 1 2 3 0.50 0.60 0.70   2   1 1 2 3 0.60 0.75 0.90   5 3 5 6 0.90 1.00 1.00   3   6 4 6 8 0.60 0.75 0.90   3 3 6 7 0.60 0.75 0.90   4 1 3 5 0.60 0.75 0.90   1   1 1 2 3 0.60 0.75 0.90   3   3 3 4 5 0.80 0.90 1.00   2 4 6 8 0.50 0.60 0.70   6 3 6 9 0.50 0.60 0.70   2   2 4 6 8 0.60 0.75 0.90   4 3 6 8 0.60 0.75 0.90   
6   2   3 3 4 6 0.80 0.90 1.00   6 1 2 3 0.60 0.75 0.90   3   3 2 4 6 0.60 0.75 0.90   2 5 6 7 0.60 0.75 0.90   6 4 6 7 0.50 0.60 0.70   3   5 1 3 4 0.90 1.00 1.00   3 4 5 6 0.80 0.90 1.00   2 1 2 3 0.50 0.60 0.70   1   6 1 2 3 0.60 0.75 0.90   2   2 4 6 7 0.50 0.60 0.70   4 3 6 9 0.60 0.75 0.90   2   1 2 3 4 0.80 0.90 1.00   4 1 2 3 0.80 0.90 1.00   
