15 8 3
10   4   7 10 15 18 0.50 0.60 0.70   8 6 11 12 0.90 1.00 1.00   4 2 5 7 0.60 0.75 0.90   5 12 19 29 0.80 0.90 1.00   2   3 15 18 22 0.60 0.75 0.90   4 3 5 7 0.50 0.60 0.70   4   8 10 18 19 0.90 1.00 1.00   7 2 3 4 0.60 0.75 0.90   6 10 11 14 0.80 0.90 1.00   3 13 16 18 0.60 0.75 0.90   4   5 6 7 11 0.60 0.75 0.90   2 1 2 3 0.50 0.60 0.70   7 1 2 3 0.50 0.60 0.70   3 11 19 26 0.80 0.90 1.00   2   5 4 6 7 0.80 0.90 1.00   6 2 3 4 0.80 0.90 1.00   3   4 4 5 6 0.50 0.60 0.70   5 1 2 3 0.80 0.90 1.00   8 15 18 19 0.90 1.00 1.00   1   5 1 2 3 0.80 0.90 1.00   1   1 9 17 19 0.80 0.90 1.00   5   5 9 10 12 0.80 0.90 1.00   2 7 10 11 0.50 0.60 0.70   1 6 12 14 0.80 0.90 1.00   8 4 5 6 0.90 1.00 1.00   3 11 14 15 0.60 0.75 0.90   3   7 11 15 21 0.60 0.75 0.90   6 1 2 3 0.60 0.75 0.90   8 18 19 27 0.90 1.00 1.00   
10   4   8 9 18 23 0.80 0.90 1.00   7 2 3 5 0.50 0.60 0.70   6 9 11 13 0.60 0.75 0.90   3 10 16 17 0.80 0.90 1.00   1   1 16 17 23 0.80 0.90 1.00   2   2 1 2 3 0.60 0.75 0.90   4 8 13 18 0.60 0.75 0.90   5   5 6 10 12 0.60 0.75 0.90   2 6 10 13 0.60 0.75 0.90   1 9 12 13 0.80 0.90 1.00   8 3 5 6 0.90 1.00 1.00   3 9 14 20 0.60 0.75 0.90   5   4 10 11 12 0.50 0.60 0.70   1 6 9 12 0.60 0.75 0.90   2 9 18 26 0.60 0.75 0.90   6 11 18 19 0.80 0.90 1.00   3 12 13 14 0.60 0.75 0.90   2   6 9 15 23 0.60 0.75 0.90   7 8 13 14 0.50 0.60 0.70   4   7 9 15 16 0.60 0.75 0.90   8 10 11 15 0.90 1.00 1.00   4 4 5 7 0.60 0.75 0.90   5 11 19 25 0.60 0.75 0.90   4   5 4 7 8 0.80 0.90 1.00   2 1 2 3 0.60 0.75 0.90   7 1 2 3 0.50 0.60 0.70   3 15 19 23 0.60 0.75 0.90   4   4 7 11 15 0.50 0.60 0.70   1 4 7 9 0.80 0.90 1.00   6 11 13 14 0.60 0.75 0.90   8 1 3 4 0.90 1.00 1.00   3   7 12 15 20 0.60 0.75 0.90   6 1 2 3 0.80 0.90 1.00   8 14 19 21 0.90 1.00 1.00   
10   2   3 1 3 4 0.80 0.90 1.00   5 4 5 6 0.80 0.90 1.00   4   5 5 7 8 0.80 0.90 1.00   2 1 2 3 0.50 0.60 0.70   7 1 2 3 0.60 0.75 0.90   3 16 19 25 0.80 0.90 1.00   2   3 9 18 22 0.80 0.90 1.00   4 3 5 7 0.50 0.60 0.70   2   5 4 6 8 0.60 0.75 0.90   6 2 3 5 0.60 0.75 0.90   4   4 9 11 13 0.60 0.75 0.90   1 4 7 9 0.80 0.90 1.00   6 8 13 16 0.80 0.90 1.00   8 2 3 4 0.80 0.90 1.00   3   7 9 15 19 0.50 0.60 0.70   6 1 2 3 0.60 0.75 0.90   8 18 19 23 0.80 0.90 1.00   5   4 6 11 15 0.60 0.75 0.90   1 8 9 10 0.80 0.90 1.00   2 17 18 19 0.60 0.75 0.90   6 14 18 24 0.60 0.75 0.90   3 8 13 17 0.60 0.75 0.90   3   4 4 5 7 0.60 0.75 0.90   5 1 2 3 0.80 0.90 1.00   8 17 18 20 0.90 1.00 1.00   1   1 15 17 19 0.60 0.75 0.90   2   2 1 2 3 0.50 0.60 0.70   4 11 13 15 0.50 0.60 0.70   
10   2   3 9 18 25 0.60 0.75 0.90   4 3 5 6 0.50 0.60 0.70   2   3 2 3 4 0.80 0.90 1.00   5 2 5 7 0.60 0.75 0.90   5   4 7 11 13 0.60 0.75 0.90   1 8 9 12 0.80 0.90 1.00   2 9 18 20 0.60 0.75 0.90   6 15 18 22 0.80 0.90 1.00   3 12 13 18 0.80 0.90 1.00   4   4 8 11 17 0.50 0.60 0.70   1 5 7 10 0.80 0.90 1.00   6 11 13 16 0.80 0.90 1.00   8 2 3 5 0.90 1.00 1.00   2   6 8 15 18 0.60 0.75 0.90   7 8 13 15 0.50 0.60 0.70   4   5 5 7 10 0.60 0.75 0.90   2 1 2 3 0.60 0.75 0.90   7 1 2 3 0.50 0.60 0.70   3 14 19 23 0.60 0.75 0.90   1   5 1 2 3 0.80 0.90 1.00   4   8 14 18 22 0.80 0.90 1.00   7 2 3 4 0.50 0.60 0.70   6 9 11 13 0.80 0.90 1.00   3 10 16 24 0.80 0.90 1.00   1   1 9 17 21 0.60 0.75 0.90   2   5 5 6 9 0.60 0.75 0.90   6 1 3 5 0.80 0.90 1.00   
10   2   6 9 15 16 0.80 0.90 1.00   7 8 13 17 0.50 0.60 0.70   3   7 13 15 16 0.60 0.75 0.90   6 1 2 3 0.60 0.75 0.90   8 17 19 26 0.90 1.00 1.00   1   5 1 2 3 0.80 0.90 1.00   4   7 9 15 17 0.50 0.60 0.70   8 5 11 14 0.90 1.00 1.00   4 3 5 6 0.50 0.60 0.70   5 11 19 27 0.80 0.90 1.00   5   4 10 11 14 0.50 0.60 0.70   1 7 9 12 0.80 0.90 1.00   2 14 18 22 0.60 0.75 0.90   6 16 18 21 0.60 0.75 0.90   3 12 13 20 0.60 0.75 0.90   4   5 4 7 11 0.60 0.75 0.90   2 1 2 3 0.50 0.60 0.70   7 1 2 3 0.60 0.75 0.90   3 14 19 22 0.60 0.75 0.90   3   4 3 5 6 0.60 0.75 0.90   5 1 2 3 0.60 0.75 0.90   8 11 18 25 0.80 0.90 1.00   2   5 4 6 8 0.60 0.75 0.90   6 2 3 5 0.80 0.90 1.00   2   3 2 3 5 0.60 0.75 0.90   5 3 5 8 0.80 0.90 1.00   5   5 7 10 14 0.80 0.90 1.00   2 5 10 13 0.50 0.60 0.70   1 11 12 18 0.80 0.90 1.00   8 3 5 6 0.90 1.00 1.00   3 7 14 16 0.60 0.75 0.90   
10   2   2 1 2 3 0.60 0.75 0.90   4 10 13 14 0.50 0.60 0.70   2   6 14 15 19 0.80 0.90 1.00   7 11 13 18 0.60 0.75 0.90   2   3 14 18 26 0.80 0.90 1.00   4 3 5 7 0.60 0.75 0.90   4   8 16 18 27 0.80 0.90 1.00   7 2 3 5 0.60 0.75 0.90   6 9 11 14 0.80 0.90 1.00   3 15 16 22 0.60 0.75 0.90   5   4 10 11 12 0.60 0.75 0.90   1 5 9 11 0.60 0.75 0.90   2 12 18 22 0.60 0.75 0.90   6 12 18 19 0.60 0.75 0.90   3 7 13 19 0.80 0.90 1.00   5   5 6 10 15 0.80 0.90 1.00   2 8 10 14 0.60 0.75 0.90   1 8 12 16 0.60 0.75 0.90   8 4 5 6 0.80 0.90 1.00   3 10 14 16 0.60 0.75 0.90   4   4 6 11 17 0.60 0.75 0.90   1 6 7 9 0.80 0.90 1.00   6 12 13 19 0.80 0.90 1.00   8 1 3 4 0.90 1.00 1.00   4   7 7 15 16 0.60 0.75 0.90   8 7 11 16 0.90 1.00 1.00   4 3 5 8 0.60 0.75 0.90   5 10 19 25 0.60 0.75 0.90   2   5 5 6 7 0.60 0.75 0.90   6 2 3 4 0.60 0.75 0.90   2   3 2 3 4 0.80 0.90 1.00   5 2 5 6 0.60 0.75 0.90   
10   5   5 7 10 15 0.80 0.90 1.00   2 5 10 14 0.60 0.75 0.90   1 6 12 17 0.60 0.75 0.90   8 4 5 7 0.80 0.90 1.00   3 12 14 17 0.60 0.75 0.90   4   4 7 11 14 0.60 0.75 0.90   1 5 7 10 0.80 0.90 1.00   6 8 13 17 0.60 0.75 0.90   8 2 3 4 0.90 1.00 1.00   2   2 1 2 3 0.60 0.75 0.90   4 8 13 20 0.60 0.75 0.90   1   1 13 17 26 0.80 0.90 1.00   2   6 12 15 22 0.80 0.90 1.00   7 10 13 16 0.50 0.60 0.70   4   5 6 7 8 0.60 0.75 0.90   2 1 2 3 0.50 0.60 0.70   7 1 2 3 0.50 0.60 0.70   3 18 19 28 0.60 0.75 0.90   1   5 1 2 3 0.80 0.90 1.00   5   4 10 11 14 0.50 0.60 0.70   1 5 9 13 0.80 0.90 1.00   2 15 18 21 0.60 0.75 0.90   6 11 18 23 0.60 0.75 0.90   3 8 13 15 0.60 0.75 0.90   2   3 16 18 26 0.80 0.90 1.00   4 3 5 8 0.50 0.60 0.70   3   7 14 15 17 0.60 0.75 0.90   6 1 2 3 0.60 0.75 0.90   8 17 19 28 0.90 1.00 1.00   
10   3   7 14 15 16 0.50 0.60 0.70   6 1 2 3 0.80 0.90 1.00   8 16 19 21 0.90 1.00 1.00   1   1 14 17 19 0.80 0.90 1.00   4   7 11 15 22 0.60 0.75 0.90   8 7 11 12 0.90 1.00 1.00   4 4 5 6 0.60 0.75 0.90   5 14 19 24 0.80 0.90 1.00   2   6 7 15 22 0.60 0.75 0.90   7 9 13 19 0.60 0.75 0.90   5   5 9 10 12 0.80 0.90 1.00   2 5 10 15 0.60 0.75 0.90   1 7 12 16 0.60 0.75 0.90   8 4 5 8 0.80 0.90 1.00   3 13 14 20 0.80 0.90 1.00   4   4 7 11 16 0.50 0.60 0.70   1 5 7 10 0.60 0.75 0.90   6 7 13 16 0.80 0.90 1.00   8 2 3 5 0.90 1.00 1.00   5   4 7 11 13 0.60 0.75 0.90   1 6 9 11 0.60 0.75 0.90   2 11 18 22 0.60 0.75 0.90   6 13 18 25 0.80 0.90 1.00   3 6 13 16 0.60 0.75 0.90   2   2 1 2 3 0.60 0.75 0.90   4 6 13 14 0.50 0.60 0.70   2   3 14 18 24 0.60 0.75 0.90   4 4 5 6 0.50 0.60 0.70   2   3 1 3 4 0.60 0.75 0.90   5 3 5 7 0.60 0.75 0.90   
10   1   1 16 17 20 0.80 0.90 1.00   5   5 7 10 12 0.80 0.90 1.00   2 6 10 15 0.60 0.75 0.90   1 10 12 17 0.80 0.90 1.00   8 4 5 8 0.90 1.00 1.00   3 13 14 19 0.60 0.75 0.90   4   8 14 18 26 0.90 1.00 1.00   7 2 3 4 0.60 0.75 0.90   6 6 11 13 0.80 0.90 1.00   3 12 16 24 0.80 0.90 1.00   3   7 14 15 23 0.50 0.60 0.70   6 1 2 3 0.60 0.75 0.90   8 13 19 26 0.80 0.90 1.00   2   6 12 15 20 0.80 0.90 1.00   7 7 13 14 0.50 0.60 0.70   4   4 10 11 17 0.50 0.60 0.70   1 4 7 8 0.60 0.75 0.90   6 10 13 14 0.60 0.75 0.90   8 2 3 4 0.90 1.00 1.00   1   5 1 2 3 0.80 0.90 1.00   2   2 1 2 3 0.60 0.75 0.90   4 7 13 14 0.60 0.75 0.90   5   4 5 11 14 0.60 0.75 0.90   1 8 9 11 0.60 0.75 0.90   2 11 18 26 0.50 0.60 0.70   6 13 18 25 0.60 0.75 0.90   3 7 13 14 0.80 0.90 1.00   4   7 12 15 16 0.50 0.60 0.70   8 9 11 15 0.80 0.90 1.00   4 3 5 8 0.60 0.75 0.90   5 13 19 20 0.80 0.90 1.00   
10   1   1 9 17 24 0.80 0.90 1.00   2   6 12 15 20 0.80 0.90 1.00   7 6 13 18 0.60 0.75 0.90   3   4 2 5 7 0.50 0.60 0.70   5 1 2 3 0.60 0.75 0.90   8 15 18 25 0.80 0.90 1.00   5   4 8 11 15 0.60 0.75 0.90   1 7 9 10 0.80 0.90 1.00   2 13 18 22 0.60 0.75 0.90   6 10 18 26 0.80 0.90 1.00   3 8 13 14 0.60 0.75 0.90   4   4 10 11 15 0.60 0.75 0.90   1 5 7 11 0.60 0.75 0.90   6 6 13 15 0.60 0.75 0.90   8 1 3 5 0.90 1.00 1.00   2   3 12 18 26 0.60 0.75 0.90   4 2 5 7 0.50 0.60 0.70   2   5 3 6 8 0.80 0.90 1.00   6 2 3 4 0.60 0.75 0.90   3   7 10 15 19 0.60 0.75 0.90   6 1 2 3 0.60 0.75 0.90   8 11 19 28 0.90 1.00 1.00   4   8 14 18 24 0.80 0.90 1.00   7 1 3 5 0.50 0.60 0.70   6 7 11 13 0.60 0.75 0.90   3 10 16 17 0.60 0.75 0.90   5   5 7 10 14 0.60 0.75 0.90   2 5 10 15 0.60 0.75 0.90   1 9 12 17 0.60 0.75 0.90   8 3 5 8 0.90 1.00 1.00   3 7 14 21 0.80 0.90 1.00   
10   2   2 1 2 3 0.50 0.60 0.70   4 11 13 19 0.50 0.60 0.70   3   7 8 15 22 0.50 0.60 0.70   6 1 2 3 0.60 0.75 0.90   8 17 19 28 0.80 0.90 1.00   4   8 13 18 20 0.80 0.90 1.00   7 1 3 5 0.60 0.75 0.90   6 6 11 13 0.80 0.90 1.00   3 10 16 22 0.60 0.75 0.90   2   3 16 18 22 0.80 0.90 1.00   4 4 5 7 0.60 0.75 0.90   2   5 5 6 9 0.60 0.75 0.90   6 1 3 4 0.80 0.90 1.00   1   1 12 17 23 0.60 0.75 0.90   2   3 1 3 4 0.60 0.75 0.90   5 3 5 6 0.60 0.75 0.90   3   4 3 5 7 0.50 0.60 0.70   5 1 2 3 0.60 0.75 0.90   8 17 18 25 0.80 0.90 1.00   5   5 7 10 13 0.80 0.90 1.00   2 9 10 15 0.50 0.60 0.70   1 10 12 14 0.60 0.75 0.90   8 4 5 6 0.80 0.90 1.00   3 10 14 18 0.60 0.75 0.90   5   4 8 11 14 0.50 0.60 0.70   1 6 9 12 0.80 0.90 1.00   2 9 18 25 0.50 0.60 0.70   6 14 18 26 0.80 0.90 1.00   3 12 13 14 0.80 0.90 1.00   
10   4   4 10 11 12 0.50 0.60 0.70   1 5 7 9 0.60 0.75 0.90   6 12 13 17 0.60 0.75 0.90   8 2 3 4 0.90 1.00 1.00   3   4 3 5 8 0.60 0.75 0.90   5 1 2 3 0.80 0.90 1.00   8 9 18 23 0.80 0.90 1.00   4   8 13 18 21 0.90 1.00 1.00   7 2 3 4 0.50 0.60 0.70   6 10 11 16 0.60 0.75 0.90   3 15 16 20 0.60 0.75 0.90   1   1 9 17 21 0.60 0.75 0.90   5   4 7 11 16 0.60 0.75 0.90   1 5 9 14 0.60 0.75 0.90   2 16 18 21 0.50 0.60 0.70   6 9 18 24 0.80 0.90 1.00   3 9 13 17 0.80 0.90 1.00   3   7 8 15 19 0.50 0.60 0.70   6 1 2 3 0.80 0.90 1.00   8 14 19 29 0.80 0.90 1.00   1   5 1 2 3 0.60 0.75 0.90   2   3 1 3 4 0.60 0.75 0.90   5 3 5 7 0.80 0.90 1.00   4   7 13 15 20 0.60 0.75 0.90   8 7 11 14 0.90 1.00 1.00   4 2 5 7 0.60 0.75 0.90   5 15 19 24 0.60 0.75 0.90   2   2 1 2 3 0.60 0.75 0.90   4 8 13 16 0.60 0.75 0.90   
10   5   5 6 10 15 0.60 0.75 0.90   2 6 10 14 0.50 0.60 0.70   1 11 12 15 0.60 0.75 0.90   8 3 5 7 0.80 0.90 1.00   3 13 14 16 0.80 0.90 1.00   1   5 1 2 3 0.60 0.75 0.90   2   3 10 18 19 0.60 0.75 0.90   4 3 5 7 0.50 0.60 0.70   4   5 6 7 10 0.60 0.75 0.90   2 1 2 3 0.60 0.75 0.90   7 1 2 3 0.50 0.60 0.70   3 18 19 21 0.80 0.90 1.00   2   6 14 15 19 0.60 0.75 0.90   7 7 13 18 0.60 0.75 0.90   4   8 13 18 26 0.80 0.90 1.00   7 2 3 5 0.50 0.60 0.70   6 10 11 14 0.60 0.75 0.90   3 14 16 21 0.80 0.90 1.00   4   7 14 15 21 0.60 0.75 0.90   8 6 11 17 0.90 1.00 1.00   4 2 5 7 0.60 0.75 0.90   5 16 19 20 0.60 0.75 0.90   5   4 8 11 15 0.50 0.60 0.70   1 5 9 10 0.60 0.75 0.90   2 12 18 23 0.60 0.75 0.90   6 16 18 27 0.60 0.75 0.90   3 9 13 16 0.60 0.75 0.90   2   5 3 6 8 0.60 0.75 0.90   6 2 3 5 0.60 0.75 0.90   4   4 8 11 15 0.60 0.75 0.90   1 4 7 9 0.80 0.90 1.00   6 11 13 17 0.80 0.90 1.00   8 1 3 4 0.90 1.00 1.00   
10   4   8 16 18 22 0.90 1.00 1.00   7 2 3 4 0.50 0.60 0.70   6 6 11 14 0.60 0.75 0.90   3 12 16 19 0.80 0.90 1.00   3   4 4 5 6 0.60 0.75 0.90   5 1 2 3 0.80 0.90 1.00   8 15 18 21 0.90 1.00 1.00   2   2 1 2 3 0.50 0.60 0.70   4 9 13 18 0.60 0.75 0.90   4   5 6 7 10 0.80 0.90 1.00   2 1 2 3 0.50 0.60 0.70   7 1 2 3 0.50 0.60 0.70   3 18 19 21 0.60 0.75 0.90   2   5 5 6 7 0.80 0.90 1.00   6 2 3 4 0.80 0.90 1.00   2   3 12 18 27 0.80 0.90 1.00   4 2 5 6 0.50 0.60 0.70   2   6 11 15 18 0.80 0.90 1.00   7 9 13 15 0.50 0.60 0.70   1   5 1 2 3 0.60 0.75 0.90   5   4 10 11 12 0.50 0.60 0.70   1 4 9 11 0.80 0.90 1.00   2 9 18 25 0.50 0.60 0.70   6 17 18 25 0.60 0.75 0.90   3 8 13 18 0.80 0.90 1.00   1   1 12 17 19 0.80 0.90 1.00   
10   5   5 6 10 12 0.80 0.90 1.00   2 8 10 15 0.50 0.60 0.70   1 6 12 15 0.60 0.75 0.90   8 4 5 7 0.80 0.90 1.00   3 7 14 21 0.80 0.90 1.00   2   5 4 6 7 0.60 0.75 0.90   6 1 3 4 0.80 0.90 1.00   2   6 8 15 16 0.60 0.75 0.90   7 9 13 18 0.50 0.60 0.70   4   7 13 15 18 0.60 0.75 0.90   8 9 11 13 0.80 0.90 1.00   4 3 5 7 0.50 0.60 0.70   5 18 19 25 0.80 0.90 1.00   4   8 15 18 21 0.90 1.00 1.00   7 2 3 4 0.60 0.75 0.90   6 5 11 17 0.80 0.90 1.00   3 9 16 22 0.80 0.90 1.00   1   1 15 17 21 0.80 0.90 1.00   5   4 9 11 12 0.60 0.75 0.90   1 7 9 13 0.60 0.75 0.90   2 12 18 23 0.50 0.60 0.70   6 14 18 21 0.80 0.90 1.00   3 9 13 18 0.60 0.75 0.90   3   4 3 5 7 0.60 0.75 0.90   5 1 2 3 0.60 0.75 0.90   8 16 18 23 0.80 0.90 1.00   2   3 14 18 19 0.60 0.75 0.90   4 4 5 6 0.60 0.75 0.90   4   5 4 7 9 0.80 0.90 1.00   2 1 2 3 0.60 0.75 0.90   7 1 2 3 0.60 0.75 0.90   3 16 19 28 0.60 0.75 0.90   
