10 6 4
6   6   3 2 3 4 0.80 0.90 1.00   4 3 5 7 0.60 0.75 0.90   1 2 3 4 0.60 0.75 0.90   6 5 6 7 0.90 1.00 1.00   2 1 2 3 0.50 0.60 0.70   5 2 3 4 0.60 0.75 0.90   2   6 2 5 6 0.90 1.00 1.00   3 2 4 6 0.80 0.90 1.00   6   1 1 2 3 0.80 0.90 1.00   5 5 6 8 0.50 0.60 0.70   3 1 3 4 0.80 0.90 1.00   4 2 3 4 0.60 0.75 0.90   2 4 6 8 0.50 0.60 0.70   6 3 5 6 0.90 1.00 1.00   1   2 4 6 9 0.60 0.75 0.90   2   6 2 3 5 0.80 0.90 1.00   5 3 6 9 0.60 0.75 0.90   3   3 1 2 3 0.80 0.90 1.00   2 1 2 3 0.50 0.60 0.70   5 3 4 6 0.60 0.75 0.90   
6   5   6 1 2 3 0.80 0.90 1.00   5 4 6 9 0.60 0.75 0.90   1 1 3 5 0.60 0.75 0.90   2 2 4 5 0.50 0.60 0.70   4 1 2 3 0.80 0.90 1.00   2   6 2 3 5 0.80 0.90 1.00   5 4 6 8 0.50 0.60 0.70   1   5 1 2 3 0.60 0.75 0.90   2   2 2 4 6 0.50 0.60 0.70   3 1 3 4 0.60 0.75 0.90   3   3 1 2 3 0.80 0.90 1.00   2 1 2 3 0.50 0.60 0.70   5 3 4 5 0.50 0.60 0.70   6   3 1 3 5 0.60 0.75 0.90   4 3 5 7 0.60 0.75 0.90   1 2 3 5 0.80 0.90 1.00   6 5 6 7 0.90 1.00 1.00   2 1 2 3 0.50 0.60 0.70   5 1 3 5 0.50 0.60 0.70   
6   6   1 1 2 3 0.80 0.90 1.00   5 4 6 8 0.60 0.75 0.90   3 1 3 4 0.60 0.75 0.90   4 1 3 4 0.60 0.75 0.90   2 4 6 9 0.60 0.75 0.90   6 4 5 6 0.80 0.90 1.00   6   5 2 3 4 0.60 0.75 0.90   4 3 6 9 0.60 0.75 0.90   2 3 4 5 0.50 0.60 0.70   6 4 6 8 0.80 0.90 1.00   3 4 6 8 0.60 0.75 0.90   1 1 2 3 0.80 0.90 1.00   3   3 1 2 3 0.80 0.90 1.00   2 1 2 3 0.60 0.75 0.90   5 3 4 5 0.50 0.60 0.70   5   3 3 5 6 0.60 0.75 0.90   1 2 4 6 0.60 0.75 0.90   2 2 3 5 0.50 0.60 0.70   6 2 3 4 0.80 0.90 1.00   5 1 2 3 0.60 0.75 0.90   6   4 1 2 3 0.80 0.90 1.00   1 4 5 7 0.60 0.75 0.90   2 2 4 6 0.50 0.60 0.70   5 3 5 7 0.50 0.60 0.70   3 2 3 4 0.60 0.75 0.90   6 1 3 4 0.90 1.00 1.00   5   6 2 3 4 0.80 0.90 1.00   1 2 4 6 0.60 0.75 0.90   4 5 6 8 0.80 0.90 1.00   3 4 6 9 0.60 0.75 0.90   5 2 3 5 0.50 0.60 0.70   
6   5   3 3 5 6 0.80 0.90 1.00   1 3 4 5 0.60 0.75 0.90   2 2 3 4 0.50 0.60 0.70   6 2 3 4 0.80 0.90 1.00   5 1 2 3 0.60 0.75 0.90   5   6 1 2 3 0.90 1.00 1.00   5 4 6 7 0.50 0.60 0.70   1 1 3 5 0.80 0.90 1.00   2 2 4 5 0.60 0.75 0.90   4 1 2 3 0.80 0.90 1.00   1   2 3 6 9 0.60 0.75 0.90   6   1 1 2 3 0.60 0.75 0.90   5 4 6 7 0.60 0.75 0.90   3 2 3 4 0.60 0.75 0.90   4 2 3 4 0.60 0.75 0.90   2 4 6 7 0.50 0.60 0.70   6 3 5 7 0.90 1.00 1.00   5   1 2 4 6 0.80 0.90 1.00   4 3 5 6 0.80 0.90 1.00   2 2 3 4 0.60 0.75 0.90   6 2 3 4 0.90 1.00 1.00   5 3 4 6 0.50 0.60 0.70   6   4 1 2 3 0.60 0.75 0.90   1 3 5 6 0.60 0.75 0.90   2 3 4 6 0.50 0.60 0.70   5 3 5 7 0.60 0.75 0.90   3 2 3 4 0.60 0.75 0.90   6 2 3 4 0.80 0.90 1.00   
6   6   5 2 3 4 0.50 0.60 0.70   4 4 6 9 0.60 0.75 0.90   2 2 4 6 0.50 0.60 0.70   6 4 6 9 0.90 1.00 1.00   3 5 6 9 0.80 0.90 1.00   1 1 2 3 0.60 0.75 0.90   5   1 2 4 5 0.60 0.75 0.90   4 4 5 6 0.80 0.90 1.00   2 1 3 5 0.60 0.75 0.90   6 2 3 5 0.80 0.90 1.00   5 2 4 5 0.60 0.75 0.90   1   4 2 3 4 0.60 0.75 0.90   5   6 1 3 4 0.90 1.00 1.00   1 3 4 5 0.60 0.75 0.90   4 4 6 9 0.80 0.90 1.00   3 5 6 9 0.60 0.75 0.90   5 2 3 4 0.50 0.60 0.70   5   6 1 2 3 0.90 1.00 1.00   5 4 6 7 0.60 0.75 0.90   1 2 3 4 0.80 0.90 1.00   2 3 4 6 0.60 0.75 0.90   4 1 2 3 0.80 0.90 1.00   2   2 3 4 6 0.60 0.75 0.90   3 2 3 4 0.80 0.90 1.00   
6   5   6 2 3 4 0.90 1.00 1.00   1 2 4 6 0.80 0.90 1.00   4 4 6 8 0.80 0.90 1.00   3 4 6 9 0.60 0.75 0.90   5 2 3 5 0.50 0.60 0.70   2   6 4 5 7 0.80 0.90 1.00   3 3 4 5 0.80 0.90 1.00   5   3 3 5 7 0.80 0.90 1.00   1 3 4 6 0.80 0.90 1.00   2 1 3 4 0.60 0.75 0.90   6 2 3 4 0.80 0.90 1.00   5 1 2 3 0.50 0.60 0.70   6   5 2 3 4 0.60 0.75 0.90   4 4 6 8 0.60 0.75 0.90   2 2 4 5 0.60 0.75 0.90   6 5 6 7 0.90 1.00 1.00   3 3 6 8 0.60 0.75 0.90   1 1 2 3 0.60 0.75 0.90   1   2 4 6 8 0.60 0.75 0.90   5   6 1 2 3 0.90 1.00 1.00   5 4 6 9 0.50 0.60 0.70   1 2 3 4 0.60 0.75 0.90   2 3 4 5 0.50 0.60 0.70   4 1 2 3 0.60 0.75 0.90   
5   6   4 1 2 3 0.60 0.75 0.90   1 3 5 7 0.80 0.90 1.00   2 2 4 6 0.60 0.75 0.90   5 4 5 6 0.60 0.75 0.90   3 1 3 4 0.80 0.90 1.00   6 2 3 4 0.80 0.90 1.00   1   5 1 2 3 0.60 0.75 0.90   6   5 2 3 5 0.60 0.75 0.90   4 3 6 8 0.60 0.75 0.90   2 3 4 5 0.60 0.75 0.90   6 4 6 7 0.90 1.00 1.00   3 5 6 9 0.60 0.75 0.90   1 1 2 3 0.80 0.90 1.00   6   3 1 3 4 0.60 0.75 0.90   4 3 5 6 0.60 0.75 0.90   1 1 3 5 0.60 0.75 0.90   6 4 6 7 0.80 0.90 1.00   2 1 2 3 0.50 0.60 0.70   5 2 3 4 0.50 0.60 0.70   5   6 1 3 4 0.80 0.90 1.00   1 2 4 5 0.80 0.90 1.00   4 3 6 8 0.80 0.90 1.00   3 3 6 9 0.60 0.75 0.90   5 2 3 4 0.50 0.60 0.70   
6   2   2 2 4 6 0.60 0.75 0.90   3 2 3 5 0.80 0.90 1.00   5   3 3 5 8 0.80 0.90 1.00   1 2 4 5 0.80 0.90 1.00   2 1 3 5 0.50 0.60 0.70   6 2 3 5 0.90 1.00 1.00   5 1 2 3 0.60 0.75 0.90   6   5 2 3 4 0.50 0.60 0.70   4 3 6 9 0.60 0.75 0.90   2 2 4 5 0.50 0.60 0.70   6 4 6 7 0.80 0.90 1.00   3 5 6 7 0.60 0.75 0.90   1 1 2 3 0.80 0.90 1.00   5   6 2 3 4 0.80 0.90 1.00   1 3 4 5 0.60 0.75 0.90   4 3 6 8 0.80 0.90 1.00   3 3 6 9 0.80 0.90 1.00   5 2 3 5 0.50 0.60 0.70   5   1 2 4 6 0.60 0.75 0.90   4 4 5 8 0.80 0.90 1.00   2 2 3 5 0.60 0.75 0.90   6 2 3 4 0.90 1.00 1.00   5 2 4 5 0.60 0.75 0.90   5   6 1 2 3 0.80 0.90 1.00   5 4 6 9 0.50 0.60 0.70   1 1 3 4 0.60 0.75 0.90   2 3 4 6 0.60 0.75 0.90   4 1 2 3 0.80 0.90 1.00   
5   1   2 4 6 9 0.60 0.75 0.90   2   6 2 5 8 0.80 0.90 1.00   3 2 4 6 0.60 0.75 0.90   5   6 1 2 3 0.90 1.00 1.00   5 5 6 7 0.50 0.60 0.70   1 1 3 4 0.80 0.90 1.00   2 2 4 5 0.50 0.60 0.70   4 1 2 3 0.60 0.75 0.90   5   1 3 4 6 0.60 0.75 0.90   4 4 5 6 0.80 0.90 1.00   2 2 3 4 0.50 0.60 0.70   6 2 3 4 0.80 0.90 1.00   5 3 4 5 0.50 0.60 0.70   2   2 3 4 6 0.50 0.60 0.70   3 2 3 4 0.60 0.75 0.90   
6   1   4 1 3 4 0.80 0.90 1.00   6   5 2 3 4 0.60 0.75 0.90   4 5 6 8 0.60 0.75 0.90   2 2 4 6 0.50 0.60 0.70   6 5 6 7 0.80 0.90 1.00   3 4 6 8 0.80 0.90 1.00   1 1 2 3 0.80 0.90 1.00   5   6 1 3 4 0.90 1.00 1.00   1 3 4 5 0.60 0.75 0.90   4 5 6 8 0.80 0.90 1.00   3 4 6 7 0.60 0.75 0.90   5 1 3 5 0.50 0.60 0.70   6   4 1 2 3 0.80 0.90 1.00   1 2 5 8 0.80 0.90 1.00   2 2 4 6 0.60 0.75 0.90   5 3 5 7 0.60 0.75 0.90   3 2 3 4 0.80 0.90 1.00   6 2 3 4 0.90 1.00 1.00   2   6 1 3 4 0.90 1.00 1.00   5 5 6 7 0.60 0.75 0.90   5   6 1 2 3 0.90 1.00 1.00   5 5 6 9 0.60 0.75 0.90   1 2 3 5 0.80 0.90 1.00   2 3 4 5 0.60 0.75 0.90   4 1 2 3 0.60 0.75 0.90   
