20 5 2
5   2   2 2 4 5 0.90 1.00 1.00   1 8 15 16 0.60 0.75 0.90   2   3 9 18 19 0.50 0.60 0.70   1 10 15 19 0.60 0.75 0.90   1   2 3 4 6 0.80 0.90 1.00   1   4 12 18 26 0.50 0.60 0.70   5   3 5 8 12 0.50 0.60 0.70   5 1 2 3 0.60 0.75 0.90   4 2 5 7 0.50 0.60 0.70   1 4 7 9 0.60 0.75 0.90   2 4 7 9 0.90 1.00 1.00   
5   2   1 1 3 4 0.60 0.75 0.90   5 12 13 18 0.60 0.75 0.90   5   3 4 8 12 0.50 0.60 0.70   5 1 2 3 0.60 0.75 0.90   4 3 5 7 0.60 0.75 0.90   1 4 7 11 0.60 0.75 0.90   2 6 7 10 0.90 1.00 1.00   2   2 3 4 5 0.90 1.00 1.00   1 12 15 22 0.80 0.90 1.00   3   1 4 8 11 0.60 0.75 0.90   5 1 2 3 0.80 0.90 1.00   2 3 5 7 0.80 0.90 1.00   3   1 2 3 4 0.80 0.90 1.00   5 10 13 16 0.60 0.75 0.90   3 1 2 3 0.50 0.60 0.70   
5   5   2 13 18 27 0.80 0.90 1.00   5 1 2 3 0.60 0.75 0.90   4 13 19 24 0.60 0.75 0.90   1 7 9 12 0.80 0.90 1.00   3 1 3 4 0.60 0.75 0.90   1   4 14 18 19 0.60 0.75 0.90   2   4 7 11 14 0.60 0.75 0.90   3 5 9 11 0.50 0.60 0.70   1   2 2 4 5 0.90 1.00 1.00   3   5 6 12 16 0.60 0.75 0.90   3 11 14 17 0.50 0.60 0.70   4 16 19 29 0.60 0.75 0.90   
5   2   2 3 4 5 0.90 1.00 1.00   1 12 15 21 0.60 0.75 0.90   4   4 6 10 14 0.60 0.75 0.90   3 9 10 12 0.50 0.60 0.70   2 9 17 20 0.80 0.90 1.00   5 5 8 10 0.80 0.90 1.00   4   5 16 18 22 0.60 0.75 0.90   3 7 13 20 0.50 0.60 0.70   2 1 2 3 0.90 1.00 1.00   1 4 5 6 0.60 0.75 0.90   5   4 8 10 15 0.50 0.60 0.70   5 10 15 21 0.80 0.90 1.00   1 1 2 3 0.60 0.75 0.90   3 4 9 10 0.50 0.60 0.70   2 10 16 22 0.80 0.90 1.00   2   3 9 15 17 0.60 0.75 0.90   1 4 6 8 0.60 0.75 0.90   
5   3   1 2 3 5 0.80 0.90 1.00   5 8 13 19 0.80 0.90 1.00   3 1 2 3 0.60 0.75 0.90   2   3 17 18 23 0.50 0.60 0.70   1 12 15 19 0.60 0.75 0.90   5   2 11 18 20 0.80 0.90 1.00   5 1 2 3 0.60 0.75 0.90   4 10 19 21 0.60 0.75 0.90   1 8 9 14 0.60 0.75 0.90   3 2 3 4 0.60 0.75 0.90   3   5 11 12 13 0.80 0.90 1.00   3 10 14 19 0.50 0.60 0.70   4 11 19 27 0.50 0.60 0.70   1   4 3 5 7 0.50 0.60 0.70   
5   5   3 5 8 12 0.50 0.60 0.70   5 1 2 3 0.60 0.75 0.90   4 3 5 6 0.60 0.75 0.90   1 6 7 9 0.60 0.75 0.90   2 4 7 10 0.80 0.90 1.00   2   3 16 18 20 0.60 0.75 0.90   1 12 15 21 0.80 0.90 1.00   2   1 11 15 22 0.60 0.75 0.90   5 3 7 9 0.60 0.75 0.90   2   2 6 7 9 0.90 1.00 1.00   1 10 17 20 0.80 0.90 1.00   2   2 3 4 5 0.80 0.90 1.00   1 7 15 19 0.80 0.90 1.00   
5   1   4 3 5 6 0.50 0.60 0.70   2   1 14 15 16 0.60 0.75 0.90   5 4 7 10 0.80 0.90 1.00   2   2 3 4 6 0.80 0.90 1.00   1 9 15 20 0.60 0.75 0.90   3   1 1 3 4 0.80 0.90 1.00   5 10 13 17 0.60 0.75 0.90   3 1 2 3 0.50 0.60 0.70   4   4 4 6 7 0.60 0.75 0.90   2 12 17 24 0.90 1.00 1.00   3 11 15 20 0.50 0.60 0.70   5 6 7 10 0.60 0.75 0.90   
5   4   4 4 6 7 0.50 0.60 0.70   2 13 17 20 0.80 0.90 1.00   3 13 15 20 0.60 0.75 0.90   5 5 7 9 0.80 0.90 1.00   3   3 16 18 26 0.60 0.75 0.90   1 1 2 3 0.60 0.75 0.90   4 10 15 21 0.60 0.75 0.90   4   2 7 14 21 0.80 0.90 1.00   4 11 14 16 0.50 0.60 0.70   3 11 19 21 0.60 0.75 0.90   5 13 15 18 0.80 0.90 1.00   1   2 2 4 6 0.90 1.00 1.00   2   2 4 7 11 0.90 1.00 1.00   1 12 17 18 0.60 0.75 0.90   
5   5   2 10 18 24 0.80 0.90 1.00   5 1 2 3 0.60 0.75 0.90   4 16 19 24 0.60 0.75 0.90   1 7 9 10 0.60 0.75 0.90   3 2 3 4 0.60 0.75 0.90   4   4 5 6 8 0.60 0.75 0.90   2 9 17 24 0.80 0.90 1.00   3 8 15 21 0.50 0.60 0.70   5 3 7 10 0.60 0.75 0.90   3   1 7 8 12 0.60 0.75 0.90   5 1 2 3 0.60 0.75 0.90   2 4 5 6 0.90 1.00 1.00   4   2 11 14 16 0.80 0.90 1.00   4 10 14 21 0.60 0.75 0.90   3 15 19 25 0.50 0.60 0.70   5 10 15 21 0.60 0.75 0.90   2   1 13 17 25 0.60 0.75 0.90   5 8 15 21 0.60 0.75 0.90   
5   2   1 12 15 21 0.60 0.75 0.90   5 6 7 9 0.80 0.90 1.00   4   4 6 10 14 0.60 0.75 0.90   3 8 10 14 0.50 0.60 0.70   2 9 17 18 0.90 1.00 1.00   5 7 8 12 0.80 0.90 1.00   2   3 11 15 19 0.60 0.75 0.90   1 3 6 9 0.80 0.90 1.00   1   4 2 5 6 0.50 0.60 0.70   5   3 15 16 20 0.50 0.60 0.70   5 12 17 22 0.60 0.75 0.90   4 5 10 13 0.50 0.60 0.70   2 7 10 15 0.90 1.00 1.00   1 6 7 10 0.80 0.90 1.00   
5   1   4 9 18 25 0.60 0.75 0.90   3   1 6 8 11 0.60 0.75 0.90   5 1 2 3 0.80 0.90 1.00   2 3 5 6 0.90 1.00 1.00   5   3 4 8 10 0.50 0.60 0.70   5 1 2 3 0.80 0.90 1.00   4 3 5 6 0.50 0.60 0.70   1 6 7 10 0.60 0.75 0.90   2 5 7 9 0.80 0.90 1.00   2   1 9 15 22 0.60 0.75 0.90   5 5 7 11 0.80 0.90 1.00   2   1 8 17 19 0.60 0.75 0.90   5 9 15 20 0.60 0.75 0.90   
5   3   5 6 12 16 0.60 0.75 0.90   3 9 14 20 0.50 0.60 0.70   4 15 19 22 0.60 0.75 0.90   4   4 9 10 13 0.50 0.60 0.70   3 6 10 12 0.50 0.60 0.70   2 12 17 20 0.80 0.90 1.00   5 6 8 11 0.60 0.75 0.90   2   3 8 15 22 0.60 0.75 0.90   1 5 6 8 0.60 0.75 0.90   5   3 4 8 10 0.60 0.75 0.90   5 1 2 3 0.80 0.90 1.00   4 4 5 8 0.60 0.75 0.90   1 4 7 9 0.60 0.75 0.90   2 6 7 8 0.90 1.00 1.00   5   3 14 16 19 0.60 0.75 0.90   5 11 17 26 0.80 0.90 1.00   4 8 10 14 0.60 0.75 0.90   2 5 10 13 0.90 1.00 1.00   1 6 7 10 0.80 0.90 1.00   
5   2   1 12 17 18 0.60 0.75 0.90   5 8 15 20 0.80 0.90 1.00   1   4 17 18 27 0.50 0.60 0.70   4   2 16 17 18 0.90 1.00 1.00   5 9 19 26 0.80 0.90 1.00   4 4 5 7 0.60 0.75 0.90   3 7 12 13 0.50 0.60 0.70   3   3 11 18 25 0.60 0.75 0.90   1 1 2 3 0.80 0.90 1.00   4 12 15 17 0.60 0.75 0.90   3   1 6 8 12 0.80 0.90 1.00   5 1 2 3 0.60 0.75 0.90   2 4 5 6 0.80 0.90 1.00   
5   2   5 1 2 3 0.80 0.90 1.00   3 2 5 7 0.60 0.75 0.90   3   3 14 18 21 0.60 0.75 0.90   1 1 2 3 0.60 0.75 0.90   4 8 15 16 0.50 0.60 0.70   4   4 7 10 11 0.60 0.75 0.90   3 8 10 15 0.60 0.75 0.90   2 15 17 19 0.80 0.90 1.00   5 5 8 10 0.80 0.90 1.00   2   3 14 18 26 0.60 0.75 0.90   1 8 15 21 0.80 0.90 1.00   5   3 6 8 11 0.60 0.75 0.90   5 1 2 3 0.80 0.90 1.00   4 3 5 7 0.50 0.60 0.70   1 5 7 9 0.60 0.75 0.90   2 6 7 10 0.80 0.90 1.00   
5   5   3 6 8 10 0.60 0.75 0.90   5 1 2 3 0.60 0.75 0.90   4 2 5 8 0.50 0.60 0.70   1 4 7 9 0.60 0.75 0.90   2 5 7 11 0.80 0.90 1.00   2   5 1 2 3 0.60 0.75 0.90   3 3 5 8 0.60 0.75 0.90   3   5 8 12 16 0.60 0.75 0.90   3 10 14 21 0.50 0.60 0.70   4 10 19 21 0.60 0.75 0.90   5   3 14 16 18 0.50 0.60 0.70   5 10 17 19 0.60 0.75 0.90   4 5 10 14 0.60 0.75 0.90   2 9 10 15 0.90 1.00 1.00   1 3 7 11 0.80 0.90 1.00   2   1 12 17 22 0.80 0.90 1.00   5 13 15 19 0.60 0.75 0.90   
5   5   4 7 10 11 0.50 0.60 0.70   5 11 15 20 0.80 0.90 1.00   1 1 2 3 0.80 0.90 1.00   3 8 9 11 0.50 0.60 0.70   2 11 16 19 0.90 1.00 1.00   2   4 7 11 13 0.50 0.60 0.70   3 8 9 14 0.50 0.60 0.70   1   2 2 4 6 0.80 0.90 1.00   2   1 9 15 21 0.60 0.75 0.90   5 4 7 9 0.80 0.90 1.00   1   4 4 5 6 0.60 0.75 0.90   
5   5   3 4 8 9 0.60 0.75 0.90   5 1 2 3 0.60 0.75 0.90   4 2 5 6 0.50 0.60 0.70   1 3 7 8 0.80 0.90 1.00   2 5 7 9 0.80 0.90 1.00   4   2 11 14 15 0.90 1.00 1.00   4 11 14 19 0.50 0.60 0.70   3 9 19 22 0.60 0.75 0.90   5 12 15 17 0.60 0.75 0.90   3   3 15 18 20 0.50 0.60 0.70   1 1 2 3 0.60 0.75 0.90   4 13 15 22 0.60 0.75 0.90   2   3 11 15 22 0.60 0.75 0.90   1 3 6 8 0.80 0.90 1.00   5   2 16 18 27 0.90 1.00 1.00   5 1 2 3 0.60 0.75 0.90   4 14 19 25 0.50 0.60 0.70   1 8 9 14 0.80 0.90 1.00   3 2 3 4 0.60 0.75 0.90   
5   1   2 2 4 5 0.90 1.00 1.00   3   1 7 8 9 0.60 0.75 0.90   5 1 2 3 0.80 0.90 1.00   2 3 5 7 0.90 1.00 1.00   2   5 1 2 3 0.60 0.75 0.90   3 3 5 8 0.50 0.60 0.70   2   3 12 18 24 0.60 0.75 0.90   1 8 15 20 0.60 0.75 0.90   2   1 12 15 23 0.80 0.90 1.00   5 5 7 10 0.80 0.90 1.00   
5   3   1 1 3 5 0.60 0.75 0.90   5 11 13 14 0.60 0.75 0.90   3 1 2 3 0.60 0.75 0.90   4   4 4 6 8 0.60 0.75 0.90   2 13 17 24 0.90 1.00 1.00   3 10 15 20 0.50 0.60 0.70   5 6 7 9 0.60 0.75 0.90   4   5 13 18 22 0.60 0.75 0.90   3 9 13 16 0.50 0.60 0.70   2 1 2 3 0.90 1.00 1.00   1 3 5 7 0.80 0.90 1.00   1   4 11 18 27 0.60 0.75 0.90   2   1 2 3 5 0.80 0.90 1.00   5 11 13 19 0.80 0.90 1.00   
5   1   4 4 5 7 0.50 0.60 0.70   2   2 3 4 6 0.90 1.00 1.00   1 13 15 17 0.60 0.75 0.90   1   4 16 18 25 0.60 0.75 0.90   2   1 13 15 18 0.80 0.90 1.00   5 4 7 9 0.80 0.90 1.00   5   4 5 10 11 0.50 0.60 0.70   5 11 15 20 0.60 0.75 0.90   1 1 2 3 0.60 0.75 0.90   3 8 9 11 0.50 0.60 0.70   2 15 16 24 0.80 0.90 1.00   
