10 15 3
15   4   2 6 8 11 0.60 0.75 0.90   6 2 3 5 0.60 0.75 0.90   7 1 2 3 0.80 0.90 1.00   9 4 5 7 0.60 0.75 0.90   2   9 3 7 10 0.50 0.60 0.70   1 1 2 3 0.80 0.90 1.00   5   7 3 4 6 0.80 0.90 1.00   1 2 4 5 0.80 0.90 1.00   9 1 2 3 0.60 0.75 0.90   2 6 7 9 0.60 0.75 0.90   10 2 4 5 0.80 0.90 1.00   2   1 1 2 3 0.90 1.00 1.00   8 1 2 3 0.80 0.90 1.00   3   7 3 5 6 0.80 0.90 1.00   3 5 8 9 0.80 0.90 1.00   5 5 8 12 0.90 1.00 1.00   5   1 1 3 4 0.80 0.90 1.00   8 6 8 11 0.80 0.90 1.00   2 2 5 7 0.60 0.75 0.90   3 4 8 9 0.60 0.75 0.90   10 8 9 11 0.80 0.90 1.00   3   5 4 6 8 0.90 1.00 1.00   1 1 2 3 0.90 1.00 1.00   6 1 2 3 0.50 0.60 0.70   5   2 4 5 6 0.60 0.75 0.90   1 8 9 12 0.80 0.90 1.00   9 1 2 3 0.50 0.60 0.70   5 6 7 8 0.80 0.90 1.00   4 4 6 9 0.90 1.00 1.00   2   10 5 6 9 0.60 0.75 0.90   1 1 2 3 0.80 0.90 1.00   2   7 5 9 14 0.60 0.75 0.90   5 5 6 8 0.90 1.00 1.00   2   4 6 8 9 0.80 0.90 1.00   7 1 2 3 0.80 0.90 1.00   5   2 1 2 3 0.80 0.90 1.00   5 4 8 10 0.80 0.90 1.00   4 1 2 3 0.90 1.00 1.00   1 7 8 10 0.80 0.90 1.00   3 4 7 9 0.80 0.90 1.00   3   10 1 2 3 0.80 0.90 1.00   8 7 9 13 0.60 0.75 0.90   4 3 5 8 0.80 0.90 1.00   3   7 2 5 6 0.60 0.75 0.90   3 6 7 10 0.60 0.75 0.90   9 2 3 4 0.60 0.75 0.90   3   9 2 4 6 0.60 0.75 0.90   5 5 8 11 0.90 1.00 1.00   1 1 2 3 0.80 0.90 1.00   
15   5   1 2 3 4 0.80 0.90 1.00   8 5 8 10 0.60 0.75 0.90   2 2 5 6 0.80 0.90 1.00   3 4 8 9 0.60 0.75 0.90   10 8 9 13 0.60 0.75 0.90   5   7 3 4 6 0.80 0.90 1.00   1 2 4 5 0.90 1.00 1.00   9 1 2 3 0.60 0.75 0.90   2 5 7 9 0.80 0.90 1.00   10 3 4 5 0.80 0.90 1.00   3   5 5 6 9 0.90 1.00 1.00   1 1 2 3 0.90 1.00 1.00   6 1 2 3 0.50 0.60 0.70   5   2 1 2 3 0.80 0.90 1.00   5 7 8 10 0.90 1.00 1.00   4 1 2 3 0.90 1.00 1.00   1 5 8 9 0.80 0.90 1.00   3 4 7 9 0.60 0.75 0.90   2   4 4 8 11 0.90 1.00 1.00   7 1 2 3 0.80 0.90 1.00   2   10 4 6 8 0.80 0.90 1.00   1 1 2 3 0.90 1.00 1.00   3   10 1 2 3 0.80 0.90 1.00   8 7 9 13 0.60 0.75 0.90   4 3 5 6 0.90 1.00 1.00   2   7 5 9 12 0.60 0.75 0.90   5 4 6 7 0.90 1.00 1.00   3   7 4 5 7 0.80 0.90 1.00   3 5 7 10 0.80 0.90 1.00   9 2 3 5 0.50 0.60 0.70   3   7 3 5 6 0.80 0.90 1.00   3 4 8 9 0.80 0.90 1.00   5 5 8 11 0.80 0.90 1.00   3   9 3 4 5 0.60 0.75 0.90   5 4 8 12 0.90 1.00 1.00   1 1 2 3 0.80 0.90 1.00   2   9 4 7 8 0.50 0.60 0.70   1 1 2 3 0.80 0.90 1.00   2   1 1 2 3 0.80 0.90 1.00   8 1 2 3 0.60 0.75 0.90   4   2 7 8 9 0.60 0.75 0.90   6 1 3 5 0.50 0.60 0.70   7 1 2 3 0.80 0.90 1.00   9 3 5 7 0.50 0.60 0.70   5   2 2 5 7 0.80 0.90 1.00   1 6 9 11 0.90 1.00 1.00   9 1 2 3 0.60 0.75 0.90   5 5 7 11 0.80 0.90 1.00   4 3 6 9 0.90 1.00 1.00   
15   2   1 1 2 3 0.80 0.90 1.00   8 1 2 3 0.60 0.75 0.90   2   7 8 9 11 0.60 0.75 0.90   5 5 6 8 0.90 1.00 1.00   2   10 4 6 8 0.60 0.75 0.90   1 1 2 3 0.80 0.90 1.00   2   4 6 8 12 0.80 0.90 1.00   7 1 2 3 0.80 0.90 1.00   5   2 1 2 3 0.80 0.90 1.00   5 6 8 11 0.90 1.00 1.00   4 1 2 3 0.80 0.90 1.00   1 6 8 12 0.90 1.00 1.00   3 6 7 8 0.60 0.75 0.90   3   9 3 4 6 0.50 0.60 0.70   5 4 8 10 0.90 1.00 1.00   1 1 2 3 0.90 1.00 1.00   2   9 5 7 11 0.60 0.75 0.90   1 1 2 3 0.80 0.90 1.00   3   7 3 5 6 0.80 0.90 1.00   3 6 7 8 0.60 0.75 0.90   9 1 3 4 0.50 0.60 0.70   5   7 2 4 6 0.80 0.90 1.00   1 2 4 6 0.80 0.90 1.00   9 1 2 3 0.50 0.60 0.70   2 3 7 10 0.60 0.75 0.90   10 2 4 5 0.80 0.90 1.00   4   2 7 8 11 0.80 0.90 1.00   6 2 3 4 0.50 0.60 0.70   7 1 2 3 0.60 0.75 0.90   9 3 5 7 0.60 0.75 0.90   5   1 2 3 4 0.90 1.00 1.00   8 7 8 11 0.80 0.90 1.00   2 2 5 6 0.60 0.75 0.90   3 7 8 12 0.60 0.75 0.90   10 7 9 10 0.80 0.90 1.00   3   10 1 2 3 0.80 0.90 1.00   8 5 9 10 0.60 0.75 0.90   4 4 5 7 0.80 0.90 1.00   5   2 3 5 7 0.80 0.90 1.00   1 6 9 11 0.90 1.00 1.00   9 1 2 3 0.60 0.75 0.90   5 6 7 10 0.80 0.90 1.00   4 3 6 7 0.80 0.90 1.00   3   5 3 6 7 0.90 1.00 1.00   1 1 2 3 0.80 0.90 1.00   6 1 2 3 0.50 0.60 0.70   3   7 2 5 6 0.80 0.90 1.00   3 4 8 11 0.80 0.90 1.00   5 4 8 12 0.80 0.90 1.00   
15   3   5 5 6 7 0.90 1.00 1.00   1 1 2 3 0.80 0.90 1.00   6 1 2 3 0.50 0.60 0.70   5   2 3 5 6 0.60 0.75 0.90   1 7 9 13 0.80 0.90 1.00   9 1 2 3 0.60 0.75 0.90   5 6 7 11 0.90 1.00 1.00   4 5 6 9 0.80 0.90 1.00   5   1 1 3 4 0.80 0.90 1.00   8 7 8 9 0.80 0.90 1.00   2 3 5 8 0.60 0.75 0.90   3 7 8 12 0.60 0.75 0.90   10 4 9 11 0.80 0.90 1.00   5   2 1 2 3 0.80 0.90 1.00   5 7 8 12 0.90 1.00 1.00   4 1 2 3 0.90 1.00 1.00   1 5 8 10 0.90 1.00 1.00   3 6 7 8 0.80 0.90 1.00   2   4 6 8 10 0.80 0.90 1.00   7 1 2 3 0.60 0.75 0.90   2   10 5 6 8 0.80 0.90 1.00   1 1 2 3 0.80 0.90 1.00   3   7 3 5 7 0.60 0.75 0.90   3 6 8 9 0.60 0.75 0.90   5 7 8 11 0.90 1.00 1.00   2   9 6 7 9 0.50 0.60 0.70   1 1 2 3 0.80 0.90 1.00   3   7 3 5 8 0.60 0.75 0.90   3 4 7 10 0.60 0.75 0.90   9 1 3 4 0.50 0.60 0.70   3   9 3 4 6 0.60 0.75 0.90   5 4 8 10 0.90 1.00 1.00   1 1 2 3 0.80 0.90 1.00   4   2 6 8 9 0.60 0.75 0.90   6 2 3 4 0.50 0.60 0.70   7 1 2 3 0.60 0.75 0.90   9 2 5 7 0.50 0.60 0.70   2   1 1 2 3 0.80 0.90 1.00   8 1 2 3 0.60 0.75 0.90   5   7 2 4 6 0.80 0.90 1.00   1 2 4 6 0.90 1.00 1.00   9 1 2 3 0.50 0.60 0.70   2 4 7 11 0.80 0.90 1.00   10 2 4 5 0.80 0.90 1.00   2   7 6 9 14 0.60 0.75 0.90   5 5 6 7 0.80 0.90 1.00   3   10 1 2 3 0.80 0.90 1.00   8 8 9 12 0.80 0.90 1.00   4 2 5 6 0.90 1.00 1.00   
15   3   10 1 2 3 0.80 0.90 1.00   8 4 9 12 0.60 0.75 0.90   4 4 5 6 0.90 1.00 1.00   2   1 1 2 3 0.80 0.90 1.00   8 1 2 3 0.80 0.90 1.00   3   9 3 4 6 0.60 0.75 0.90   5 4 8 9 0.80 0.90 1.00   1 1 2 3 0.80 0.90 1.00   2   9 6 7 8 0.60 0.75 0.90   1 1 2 3 0.80 0.90 1.00   3   7 3 5 7 0.80 0.90 1.00   3 5 8 9 0.80 0.90 1.00   5 7 8 12 0.90 1.00 1.00   5   2 1 2 3 0.60 0.75 0.90   5 4 8 9 0.80 0.90 1.00   4 1 2 3 0.90 1.00 1.00   1 6 8 10 0.90 1.00 1.00   3 5 7 11 0.60 0.75 0.90   3   5 3 6 7 0.90 1.00 1.00   1 1 2 3 0.90 1.00 1.00   6 1 2 3 0.50 0.60 0.70   3   7 4 5 7 0.80 0.90 1.00   3 5 7 11 0.60 0.75 0.90   9 1 3 5 0.50 0.60 0.70   4   2 5 8 11 0.60 0.75 0.90   6 1 3 4 0.50 0.60 0.70   7 1 2 3 0.60 0.75 0.90   9 2 5 7 0.60 0.75 0.90   2   10 4 6 7 0.80 0.90 1.00   1 1 2 3 0.90 1.00 1.00   5   7 3 4 5 0.60 0.75 0.90   1 3 4 5 0.80 0.90 1.00   9 1 2 3 0.60 0.75 0.90   2 3 7 9 0.60 0.75 0.90   10 3 4 6 0.60 0.75 0.90   2   7 5 9 11 0.80 0.90 1.00   5 5 6 7 0.90 1.00 1.00   5   2 4 5 7 0.80 0.90 1.00   1 6 9 13 0.90 1.00 1.00   9 1 2 3 0.60 0.75 0.90   5 4 7 11 0.90 1.00 1.00   4 4 6 9 0.90 1.00 1.00   5   1 2 3 4 0.90 1.00 1.00   8 7 8 11 0.80 0.90 1.00   2 4 5 7 0.80 0.90 1.00   3 5 8 11 0.80 0.90 1.00   10 5 9 12 0.80 0.90 1.00   2   4 6 8 10 0.80 0.90 1.00   7 1 2 3 0.60 0.75 0.90   
15   3   7 4 5 6 0.80 0.90 1.00   3 5 8 12 0.60 0.75 0.90   5 4 8 9 0.80 0.90 1.00   5   1 1 3 4 0.90 1.00 1.00   8 6 8 11 0.80 0.90 1.00   2 3 5 7 0.60 0.75 0.90   3 5 8 10 0.80 0.90 1.00   10 8 9 13 0.80 0.90 1.00   2   7 7 9 13 0.80 0.90 1.00   5 5 6 7 0.80 0.90 1.00   3   5 3 6 9 0.90 1.00 1.00   1 1 2 3 0.80 0.90 1.00   6 1 2 3 0.50 0.60 0.70   5   2 2 5 7 0.60 0.75 0.90   1 5 9 10 0.80 0.90 1.00   9 1 2 3 0.60 0.75 0.90   5 5 7 9 0.90 1.00 1.00   4 4 6 9 0.90 1.00 1.00   2   4 7 8 10 0.80 0.90 1.00   7 1 2 3 0.60 0.75 0.90   2   9 5 7 9 0.60 0.75 0.90   1 1 2 3 0.90 1.00 1.00   5   2 1 2 3 0.60 0.75 0.90   5 4 8 10 0.80 0.90 1.00   4 1 2 3 0.90 1.00 1.00   1 7 8 12 0.90 1.00 1.00   3 4 7 9 0.60 0.75 0.90   5   7 2 4 6 0.80 0.90 1.00   1 2 4 5 0.80 0.90 1.00   9 1 2 3 0.50 0.60 0.70   2 6 7 10 0.60 0.75 0.90   10 2 4 5 0.60 0.75 0.90   4   2 6 8 11 0.80 0.90 1.00   6 2 3 4 0.50 0.60 0.70   7 1 2 3 0.80 0.90 1.00   9 3 5 7 0.50 0.60 0.70   2   1 1 2 3 0.80 0.90 1.00   8 1 2 3 0.60 0.75 0.90   3   7 2 5 8 0.80 0.90 1.00   3 6 7 9 0.60 0.75 0.90   9 1 3 4 0.50 0.60 0.70   2   10 3 6 9 0.80 0.90 1.00   1 1 2 3 0.80 0.90 1.00   3   9 3 4 6 0.50 0.60 0.70   5 5 8 10 0.80 0.90 1.00   1 1 2 3 0.80 0.90 1.00   3   10 1 2 3 0.80 0.90 1.00   8 5 9 11 0.80 0.90 1.00   4 3 5 6 0.80 0.90 1.00   
15   3   5 3 6 7 0.90 1.00 1.00   1 1 2 3 0.80 0.90 1.00   6 1 2 3 0.60 0.75 0.90   3   10 1 2 3 0.80 0.90 1.00   8 8 9 11 0.60 0.75 0.90   4 4 5 7 0.80 0.90 1.00   3   7 3 5 6 0.80 0.90 1.00   3 4 8 11 0.60 0.75 0.90   5 7 8 11 0.80 0.90 1.00   5   1 1 3 5 0.90 1.00 1.00   8 5 8 10 0.80 0.90 1.00   2 4 5 7 0.60 0.75 0.90   3 7 8 10 0.80 0.90 1.00   10 4 9 13 0.60 0.75 0.90   2   1 1 2 3 0.80 0.90 1.00   8 1 2 3 0.60 0.75 0.90   2   9 4 7 11 0.60 0.75 0.90   1 1 2 3 0.90 1.00 1.00   5   2 1 2 3 0.80 0.90 1.00   5 5 8 9 0.80 0.90 1.00   4 1 2 3 0.80 0.90 1.00   1 5 8 9 0.80 0.90 1.00   3 5 7 10 0.80 0.90 1.00   3   7 4 5 8 0.80 0.90 1.00   3 4 7 9 0.60 0.75 0.90   9 2 3 4 0.60 0.75 0.90   5   7 2 4 5 0.60 0.75 0.90   1 2 4 6 0.80 0.90 1.00   9 1 2 3 0.50 0.60 0.70   2 5 7 8 0.60 0.75 0.90   10 2 4 6 0.60 0.75 0.90   3   9 3 4 5 0.50 0.60 0.70   5 5 8 9 0.80 0.90 1.00   1 1 2 3 0.80 0.90 1.00   2   10 5 6 9 0.80 0.90 1.00   1 1 2 3 0.80 0.90 1.00   4   2 7 8 11 0.80 0.90 1.00   6 2 3 5 0.50 0.60 0.70   7 1 2 3 0.80 0.90 1.00   9 4 5 8 0.60 0.75 0.90   2   7 6 9 12 0.60 0.75 0.90   5 5 6 7 0.90 1.00 1.00   2   4 4 8 9 0.80 0.90 1.00   7 1 2 3 0.60 0.75 0.90   5   2 2 5 7 0.60 0.75 0.90   1 4 9 11 0.80 0.90 1.00   9 1 2 3 0.60 0.75 0.90   5 6 7 10 0.90 1.00 1.00   4 4 6 9 0.80 0.90 1.00   
15   5   7 3 4 5 0.80 0.90 1.00   1 2 4 6 0.90 1.00 1.00   9 1 2 3 0.60 0.75 0.90   2 4 7 10 0.80 0.90 1.00   10 3 4 5 0.60 0.75 0.90   3   7 2 5 7 0.60 0.75 0.90   3 6 7 8 0.80 0.90 1.00   9 2 3 5 0.60 0.75 0.90   3   7 3 5 7 0.80 0.90 1.00   3 6 8 9 0.60 0.75 0.90   5 4 8 10 0.90 1.00 1.00   2   1 1 2 3 0.90 1.00 1.00   8 1 2 3 0.60 0.75 0.90   3   5 4 6 9 0.80 0.90 1.00   1 1 2 3 0.80 0.90 1.00   6 1 2 3 0.60 0.75 0.90   5   2 4 5 8 0.60 0.75 0.90   1 6 9 10 0.80 0.90 1.00   9 1 2 3 0.60 0.75 0.90   5 3 7 9 0.90 1.00 1.00   4 4 6 8 0.80 0.90 1.00   3   10 1 2 3 0.60 0.75 0.90   8 8 9 12 0.60 0.75 0.90   4 4 5 7 0.80 0.90 1.00   3   9 3 4 6 0.50 0.60 0.70   5 5 8 12 0.80 0.90 1.00   1 1 2 3 0.90 1.00 1.00   2   9 6 7 10 0.60 0.75 0.90   1 1 2 3 0.90 1.00 1.00   4   2 4 8 9 0.60 0.75 0.90   6 2 3 4 0.50 0.60 0.70   7 1 2 3 0.60 0.75 0.90   9 4 5 7 0.50 0.60 0.70   5   1 2 3 4 0.80 0.90 1.00   8 6 8 11 0.60 0.75 0.90   2 2 5 6 0.80 0.90 1.00   3 6 8 12 0.80 0.90 1.00   10 5 9 11 0.80 0.90 1.00   2   4 4 8 10 0.90 1.00 1.00   7 1 2 3 0.60 0.75 0.90   2   10 4 6 8 0.80 0.90 1.00   1 1 2 3 0.80 0.90 1.00   5   2 1 2 3 0.60 0.75 0.90   5 4 8 10 0.80 0.90 1.00   4 1 2 3 0.90 1.00 1.00   1 6 8 10 0.80 0.90 1.00   3 3 7 8 0.80 0.90 1.00   2   7 5 9 10 0.60 0.75 0.90   5 5 6 9 0.80 0.90 1.00   
15   4   2 5 8 9 0.60 0.75 0.90   6 1 3 4 0.50 0.60 0.70   7 1 2 3 0.60 0.75 0.90   9 2 5 8 0.50 0.60 0.70   3   9 3 4 5 0.60 0.75 0.90   5 6 8 9 0.80 0.90 1.00   1 1 2 3 0.80 0.90 1.00   3   7 4 5 6 0.80 0.90 1.00   3 4 8 9 0.80 0.90 1.00   5 4 8 10 0.90 1.00 1.00   5   7 3 4 5 0.60 0.75 0.90   1 2 4 5 0.90 1.00 1.00   9 1 2 3 0.50 0.60 0.70   2 4 7 9 0.60 0.75 0.90   10 2 4 6 0.60 0.75 0.90   5   2 1 2 3 0.60 0.75 0.90   5 5 8 12 0.90 1.00 1.00   4 1 2 3 0.90 1.00 1.00   1 5 8 11 0.80 0.90 1.00   3 5 7 8 0.60 0.75 0.90   2   4 5 8 12 0.80 0.90 1.00   7 1 2 3 0.80 0.90 1.00   2   9 5 7 8 0.60 0.75 0.90   1 1 2 3 0.80 0.90 1.00   3   10 1 2 3 0.80 0.90 1.00   8 5 9 13 0.80 0.90 1.00   4 4 5 6 0.90 1.00 1.00   5   1 1 3 5 0.90 1.00 1.00   8 7 8 9 0.80 0.90 1.00   2 2 5 7 0.80 0.90 1.00   3 4 8 12 0.60 0.75 0.90   10 8 9 11 0.80 0.90 1.00   2   10 5 6 8 0.60 0.75 0.90   1 1 2 3 0.80 0.90 1.00   5   2 4 5 8 0.60 0.75 0.90   1 6 9 11 0.90 1.00 1.00   9 1 2 3 0.60 0.75 0.90   5 4 7 10 0.90 1.00 1.00   4 5 6 8 0.90 1.00 1.00   3   7 4 5 8 0.60 0.75 0.90   3 5 7 8 0.80 0.90 1.00   9 2 3 5 0.60 0.75 0.90   2   7 6 9 12 0.60 0.75 0.90   5 3 6 9 0.90 1.00 1.00   2   1 1 2 3 0.80 0.90 1.00   8 1 2 3 0.60 0.75 0.90   3   5 4 6 9 0.80 0.90 1.00   1 1 2 3 0.80 0.90 1.00   6 1 2 3 0.50 0.60 0.70   
15   2   1 1 2 3 0.80 0.90 1.00   8 1 2 3 0.80 0.90 1.00   4   2 7 8 10 0.60 0.75 0.90   6 2 3 5 0.50 0.60 0.70   7 1 2 3 0.60 0.75 0.90   9 4 5 8 0.60 0.75 0.90   3   10 1 2 3 0.80 0.90 1.00   8 4 9 12 0.60 0.75 0.90   4 3 5 7 0.90 1.00 1.00   3   7 2 5 6 0.60 0.75 0.90   3 5 8 12 0.60 0.75 0.90   5 5 8 10 0.90 1.00 1.00   3   7 4 5 6 0.60 0.75 0.90   3 6 7 9 0.60 0.75 0.90   9 2 3 4 0.50 0.60 0.70   2   10 3 6 8 0.60 0.75 0.90   1 1 2 3 0.80 0.90 1.00   2   7 8 9 12 0.60 0.75 0.90   5 4 6 8 0.80 0.90 1.00   3   9 2 4 6 0.50 0.60 0.70   5 7 8 11 0.90 1.00 1.00   1 1 2 3 0.80 0.90 1.00   5   7 3 4 5 0.80 0.90 1.00   1 2 4 6 0.80 0.90 1.00   9 1 2 3 0.50 0.60 0.70   2 4 7 9 0.80 0.90 1.00   10 3 4 6 0.80 0.90 1.00   5   2 3 5 6 0.60 0.75 0.90   1 8 9 11 0.80 0.90 1.00   9 1 2 3 0.50 0.60 0.70   5 4 7 9 0.80 0.90 1.00   4 5 6 8 0.80 0.90 1.00   5   1 1 3 4 0.90 1.00 1.00   8 4 8 10 0.80 0.90 1.00   2 4 5 6 0.60 0.75 0.90   3 4 8 9 0.60 0.75 0.90   10 4 9 10 0.60 0.75 0.90   3   5 5 6 9 0.90 1.00 1.00   1 1 2 3 0.90 1.00 1.00   6 1 2 3 0.50 0.60 0.70   5   2 1 2 3 0.60 0.75 0.90   5 6 8 9 0.80 0.90 1.00   4 1 2 3 0.90 1.00 1.00   1 4 8 11 0.90 1.00 1.00   3 4 7 10 0.80 0.90 1.00   2   4 6 8 10 0.90 1.00 1.00   7 1 2 3 0.60 0.75 0.90   2   9 4 7 10 0.60 0.75 0.90   1 1 2 3 0.80 0.90 1.00   
