15 4 1
6   2   3 2 5 8 0.60 0.75 0.90   2 5 7 8 0.60 0.75 0.90   2   1 5 8 9 0.50 0.60 0.70   4 6 8 10 0.60 0.75 0.90   2   1 4 6 9 0.50 0.60 0.70   2 3 5 8 0.80 0.90 1.00   1   3 6 7 9 0.80 0.90 1.00   2   4 4 5 7 0.60 0.75 0.90   2 4 6 9 0.80 0.90 1.00   2   4 2 5 8 0.50 0.60 0.70   1 3 5 6 0.60 0.75 0.90   
5   1   3 5 7 8 0.80 0.90 1.00   2   1 5 6 7 0.50 0.60 0.70   2 4 5 7 0.60 0.75 0.90   1   4 3 6 8 0.50 0.60 0.70   2   4 4 5 8 0.50 0.60 0.70   2 4 6 9 0.80 0.90 1.00   2   1 4 8 10 0.60 0.75 0.90   2 4 6 8 0.80 0.90 1.00   
8   2   4 4 7 10 0.60 0.75 0.90   3 5 9 10 0.80 0.90 1.00   2   3 2 5 6 0.80 0.90 1.00   2 5 7 10 0.80 0.90 1.00   2   4 3 5 6 0.60 0.75 0.90   1 3 5 8 0.50 0.60 0.70   2   1 7 8 9 0.60 0.75 0.90   4 7 8 10 0.60 0.75 0.90   2   1 5 6 9 0.50 0.60 0.70   2 4 5 7 0.80 0.90 1.00   1   4 5 6 9 0.50 0.60 0.70   2   1 7 8 11 0.50 0.60 0.70   2 3 6 8 0.80 0.90 1.00   2   4 8 9 10 0.50 0.60 0.70   3 4 6 8 0.80 0.90 1.00   
7   2   4 4 5 8 0.60 0.75 0.90   1 3 5 8 0.50 0.60 0.70   2   4 5 7 11 0.60 0.75 0.90   3 8 9 12 0.80 0.90 1.00   2   1 4 8 9 0.50 0.60 0.70   4 4 8 12 0.60 0.75 0.90   1   4 4 8 11 0.50 0.60 0.70   2   1 4 8 10 0.60 0.75 0.90   2 5 6 7 0.80 0.90 1.00   2   4 3 5 8 0.60 0.75 0.90   2 5 6 8 0.60 0.75 0.90   1   4 3 6 8 0.60 0.75 0.90   
6   2   3 3 7 8 0.80 0.90 1.00   1 2 5 7 0.60 0.75 0.90   2   4 5 6 8 0.60 0.75 0.90   2 5 7 10 0.80 0.90 1.00   2   4 4 7 8 0.50 0.60 0.70   3 5 9 13 0.80 0.90 1.00   1   3 6 8 10 0.60 0.75 0.90   2   3 3 5 7 0.80 0.90 1.00   2 4 7 10 0.80 0.90 1.00   2   1 6 8 10 0.50 0.60 0.70   2 3 6 8 0.60 0.75 0.90   
9   1   4 3 6 7 0.60 0.75 0.90   2   4 3 5 7 0.50 0.60 0.70   2 3 6 7 0.60 0.75 0.90   1   3 5 8 11 0.60 0.75 0.90   2   3 6 7 11 0.80 0.90 1.00   1 2 5 7 0.60 0.75 0.90   2   4 3 6 7 0.60 0.75 0.90   2 4 7 8 0.60 0.75 0.90   1   4 6 8 12 0.60 0.75 0.90   2   1 7 8 10 0.50 0.60 0.70   2 4 6 8 0.80 0.90 1.00   2   1 4 8 12 0.60 0.75 0.90   4 7 8 9 0.60 0.75 0.90   2   4 3 5 6 0.60 0.75 0.90   1 2 5 8 0.50 0.60 0.70   
5   1   3 5 8 12 0.80 0.90 1.00   2   4 5 7 10 0.50 0.60 0.70   3 4 9 12 0.80 0.90 1.00   2   1 3 6 9 0.60 0.75 0.90   2 3 5 7 0.60 0.75 0.90   2   4 3 6 7 0.60 0.75 0.90   2 5 7 11 0.80 0.90 1.00   1   3 5 7 10 0.80 0.90 1.00   
8   2   3 3 7 11 0.80 0.90 1.00   1 3 5 6 0.60 0.75 0.90   1   3 7 8 11 0.60 0.75 0.90   2   4 5 7 11 0.50 0.60 0.70   3 5 9 12 0.60 0.75 0.90   2   4 3 5 6 0.50 0.60 0.70   1 2 5 7 0.50 0.60 0.70   1   3 6 7 10 0.60 0.75 0.90   1   4 5 8 9 0.60 0.75 0.90   2   4 4 9 11 0.60 0.75 0.90   3 5 6 7 0.60 0.75 0.90   2   1 5 6 7 0.60 0.75 0.90   2 3 5 6 0.80 0.90 1.00   
9   2   3 4 5 6 0.60 0.75 0.90   2 3 7 9 0.80 0.90 1.00   1   4 4 8 11 0.50 0.60 0.70   2   4 3 5 6 0.60 0.75 0.90   2 3 6 9 0.80 0.90 1.00   2   1 5 6 8 0.60 0.75 0.90   2 4 5 7 0.80 0.90 1.00   1   4 5 6 8 0.60 0.75 0.90   2   1 5 8 11 0.50 0.60 0.70   4 6 9 10 0.50 0.60 0.70   2   1 5 8 10 0.50 0.60 0.70   4 7 8 10 0.50 0.60 0.70   2   1 6 8 11 0.60 0.75 0.90   2 3 6 9 0.80 0.90 1.00   1   3 3 7 8 0.60 0.75 0.90   
9   2   1 7 8 10 0.50 0.60 0.70   2 3 6 9 0.80 0.90 1.00   2   1 6 8 10 0.60 0.75 0.90   4 7 8 11 0.60 0.75 0.90   2   1 5 8 9 0.50 0.60 0.70   4 7 9 10 0.50 0.60 0.70   2   4 5 9 11 0.60 0.75 0.90   3 3 6 7 0.80 0.90 1.00   2   1 3 6 8 0.60 0.75 0.90   2 3 5 7 0.60 0.75 0.90   1   3 5 8 9 0.80 0.90 1.00   1   3 3 7 8 0.60 0.75 0.90   1   4 5 6 7 0.50 0.60 0.70   2   4 2 5 6 0.50 0.60 0.70   2 4 6 8 0.80 0.90 1.00   
7   2   1 5 8 12 0.50 0.60 0.70   2 5 6 9 0.60 0.75 0.90   2   1 5 8 11 0.50 0.60 0.70   4 7 8 11 0.50 0.60 0.70   2   1 3 6 9 0.50 0.60 0.70   2 3 5 6 0.60 0.75 0.90   1   3 6 7 10 0.80 0.90 1.00   1   4 3 6 9 0.50 0.60 0.70   1   3 6 8 12 0.80 0.90 1.00   2   4 6 9 14 0.50 0.60 0.70   3 5 6 7 0.80 0.90 1.00   
6   1   4 4 8 12 0.60 0.75 0.90   1   3 4 7 9 0.80 0.90 1.00   2   4 6 7 10 0.60 0.75 0.90   3 5 9 11 0.60 0.75 0.90   2   1 5 6 7 0.50 0.60 0.70   2 2 5 8 0.80 0.90 1.00   1   3 5 8 11 0.60 0.75 0.90   2   1 6 8 11 0.50 0.60 0.70   4 4 8 10 0.50 0.60 0.70   
7   1   4 6 8 10 0.60 0.75 0.90   2   4 7 9 13 0.60 0.75 0.90   3 3 6 9 0.80 0.90 1.00   2   1 5 8 10 0.50 0.60 0.70   4 5 8 9 0.60 0.75 0.90   2   4 5 6 7 0.60 0.75 0.90   2 6 7 10 0.80 0.90 1.00   2   4 5 6 9 0.50 0.60 0.70   2 4 7 11 0.60 0.75 0.90   2   1 6 8 11 0.60 0.75 0.90   2 3 6 8 0.60 0.75 0.90   2   3 6 7 11 0.60 0.75 0.90   1 4 5 6 0.50 0.60 0.70   
7   2   1 3 6 8 0.50 0.60 0.70   2 4 5 6 0.60 0.75 0.90   2   3 3 7 8 0.60 0.75 0.90   1 4 5 8 0.50 0.60 0.70   2   1 6 8 11 0.60 0.75 0.90   4 5 8 11 0.60 0.75 0.90   2   1 7 8 11 0.50 0.60 0.70   2 5 6 9 0.80 0.90 1.00   2   4 4 5 8 0.50 0.60 0.70   1 4 5 7 0.50 0.60 0.70   2   4 3 6 7 0.60 0.75 0.90   2 6 7 8 0.80 0.90 1.00   1   4 3 6 8 0.50 0.60 0.70   
7   1   3 7 8 12 0.80 0.90 1.00   2   1 5 8 9 0.50 0.60 0.70   4 8 9 10 0.50 0.60 0.70   2   4 5 9 10 0.60 0.75 0.90   3 5 6 7 0.60 0.75 0.90   1   3 6 7 11 0.80 0.90 1.00   2   4 3 5 7 0.60 0.75 0.90   2 4 6 8 0.80 0.90 1.00   2   1 6 8 11 0.50 0.60 0.70   2 5 6 7 0.60 0.75 0.90   2   1 5 6 9 0.50 0.60 0.70   2 2 5 6 0.80 0.90 1.00   
