10 6 2
8   3   2 5 6 7 0.60 0.75 0.90   3 1 2 3 0.50 0.60 0.70   5 3 4 6 0.80 0.90 1.00   6   5 6 7 9 0.60 0.75 0.90   2 4 7 9 0.50 0.60 0.70   3 2 4 6 0.60 0.75 0.90   4 8 10 11 0.80 0.90 1.00   6 5 9 11 0.60 0.75 0.90   1 1 3 4 0.80 0.90 1.00   2   4 4 5 6 0.80 0.90 1.00   5 9 10 11 0.60 0.75 0.90   6   4 7 8 12 0.90 1.00 1.00   5 1 2 3 0.80 0.90 1.00   2 4 7 10 0.60 0.75 0.90   3 1 3 4 0.50 0.60 0.70   1 6 7 10 0.60 0.75 0.90   6 1 2 3 0.60 0.75 0.90   2   2 6 7 8 0.50 0.60 0.70   5 6 7 8 0.80 0.90 1.00   5   4 7 9 10 0.90 1.00 1.00   5 7 10 11 0.60 0.75 0.90   3 1 3 4 0.60 0.75 0.90   2 8 9 11 0.50 0.60 0.70   1 1 3 4 0.80 0.90 1.00   5   2 3 4 6 0.50 0.60 0.70   6 5 8 10 0.80 0.90 1.00   4 6 9 12 0.90 1.00 1.00   1 8 9 12 0.80 0.90 1.00   5 7 8 9 0.60 0.75 0.90   3   1 9 10 11 0.60 0.75 0.90   5 6 9 11 0.60 0.75 0.90   3 7 8 12 0.50 0.60 0.70   
10   3   5 7 8 9 0.80 0.90 1.00   3 2 4 5 0.50 0.60 0.70   1 6 7 8 0.80 0.90 1.00   2   5 1 2 3 0.80 0.90 1.00   3 1 2 3 0.60 0.75 0.90   6   5 1 2 3 0.80 0.90 1.00   2 2 4 5 0.50 0.60 0.70   4 9 10 12 0.80 0.90 1.00   1 1 3 4 0.80 0.90 1.00   3 7 8 10 0.60 0.75 0.90   6 9 10 12 0.60 0.75 0.90   3   1 1 2 3 0.80 0.90 1.00   2 5 6 8 0.50 0.60 0.70   3 1 4 6 0.60 0.75 0.90   1   5 1 3 4 0.60 0.75 0.90   5   2 3 4 6 0.60 0.75 0.90   5 6 7 8 0.60 0.75 0.90   6 4 7 9 0.60 0.75 0.90   3 1 3 4 0.50 0.60 0.70   4 5 6 9 0.90 1.00 1.00   4   3 6 7 8 0.50 0.60 0.70   4 1 3 4 0.80 0.90 1.00   1 3 5 7 0.80 0.90 1.00   6 1 2 3 0.80 0.90 1.00   2   5 5 6 9 0.60 0.75 0.90   6 9 10 11 0.60 0.75 0.90   3   6 1 3 4 0.80 0.90 1.00   1 3 4 6 0.80 0.90 1.00   4 9 10 12 0.80 0.90 1.00   1   6 6 10 14 0.80 0.90 1.00   
7   3   6 4 6 9 0.60 0.75 0.90   5 1 3 4 0.60 0.75 0.90   3 5 9 10 0.50 0.60 0.70   2   3 6 9 11 0.50 0.60 0.70   6 5 9 12 0.60 0.75 0.90   1   4 9 10 15 0.80 0.90 1.00   2   1 7 8 12 0.60 0.75 0.90   6 3 4 6 0.60 0.75 0.90   2   3 1 2 3 0.60 0.75 0.90   2 1 2 3 0.60 0.75 0.90   3   3 1 3 4 0.50 0.60 0.70   5 7 10 11 0.60 0.75 0.90   1 4 5 6 0.80 0.90 1.00   2   4 1 3 4 0.80 0.90 1.00   6 9 10 12 0.60 0.75 0.90   
8   1   6 1 3 4 0.80 0.90 1.00   1   5 1 3 4 0.60 0.75 0.90   5   1 3 5 6 0.80 0.90 1.00   3 6 7 8 0.50 0.60 0.70   2 9 10 11 0.50 0.60 0.70   4 9 10 13 0.90 1.00 1.00   5 4 7 8 0.80 0.90 1.00   2   6 6 9 10 0.60 0.75 0.90   2 1 3 4 0.60 0.75 0.90   4   2 3 5 6 0.60 0.75 0.90   3 8 10 14 0.50 0.60 0.70   4 3 5 6 0.90 1.00 1.00   6 7 9 10 0.80 0.90 1.00   4   6 1 2 3 0.80 0.90 1.00   4 6 9 11 0.80 0.90 1.00   5 4 5 7 0.60 0.75 0.90   3 4 6 9 0.50 0.60 0.70   5   3 7 10 15 0.50 0.60 0.70   1 1 2 4 0.80 0.90 1.00   4 1 3 4 0.80 0.90 1.00   6 9 10 14 0.60 0.75 0.90   5 4 7 9 0.60 0.75 0.90   5   2 4 7 9 0.60 0.75 0.90   5 4 5 7 0.60 0.75 0.90   6 3 5 7 0.80 0.90 1.00   3 1 2 5 0.50 0.60 0.70   4 9 10 13 0.80 0.90 1.00   
9   6   3 1 2 3 0.50 0.60 0.70   6 7 9 12 0.80 0.90 1.00   4 9 10 11 0.80 0.90 1.00   2 8 10 15 0.50 0.60 0.70   5 3 4 5 0.80 0.90 1.00   1 3 5 7 0.80 0.90 1.00   4   5 4 5 7 0.60 0.75 0.90   1 5 7 8 0.80 0.90 1.00   4 3 5 6 0.90 1.00 1.00   2 9 10 13 0.50 0.60 0.70   3   2 4 7 9 0.50 0.60 0.70   5 8 10 14 0.80 0.90 1.00   4 1 3 4 0.90 1.00 1.00   5   4 1 4 6 0.80 0.90 1.00   1 1 2 3 0.60 0.75 0.90   2 6 7 9 0.60 0.75 0.90   3 1 2 3 0.60 0.75 0.90   6 5 7 10 0.80 0.90 1.00   5   4 1 3 5 0.80 0.90 1.00   2 8 10 11 0.60 0.75 0.90   1 7 8 9 0.80 0.90 1.00   6 1 2 4 0.80 0.90 1.00   3 1 2 3 0.50 0.60 0.70   1   5 5 6 7 0.60 0.75 0.90   1   2 2 4 6 0.50 0.60 0.70   2   2 8 9 11 0.60 0.75 0.90   4 5 6 9 0.90 1.00 1.00   5   1 5 6 8 0.60 0.75 0.90   4 1 4 6 0.90 1.00 1.00   5 1 4 5 0.80 0.90 1.00   6 7 9 12 0.80 0.90 1.00   2 4 5 6 0.50 0.60 0.70   
8   5   4 1 3 4 0.80 0.90 1.00   2 5 7 9 0.60 0.75 0.90   5 9 10 13 0.80 0.90 1.00   3 4 6 8 0.50 0.60 0.70   6 1 3 4 0.60 0.75 0.90   3   1 4 6 8 0.80 0.90 1.00   3 4 5 7 0.50 0.60 0.70   5 1 3 4 0.80 0.90 1.00   6   6 1 4 5 0.80 0.90 1.00   1 1 3 4 0.60 0.75 0.90   4 6 9 10 0.80 0.90 1.00   3 2 4 5 0.50 0.60 0.70   2 9 10 15 0.60 0.75 0.90   5 6 8 11 0.80 0.90 1.00   2   6 4 6 9 0.80 0.90 1.00   5 1 3 6 0.60 0.75 0.90   2   5 9 10 14 0.80 0.90 1.00   2 1 3 4 0.60 0.75 0.90   6   6 6 8 12 0.60 0.75 0.90   5 1 4 5 0.60 0.75 0.90   4 5 7 8 0.90 1.00 1.00   1 2 4 6 0.80 0.90 1.00   3 8 9 13 0.60 0.75 0.90   2 5 6 8 0.50 0.60 0.70   4   6 2 4 6 0.60 0.75 0.90   5 4 6 8 0.60 0.75 0.90   1 1 4 5 0.80 0.90 1.00   4 1 3 4 0.80 0.90 1.00   6   1 1 3 4 0.60 0.75 0.90   5 6 10 11 0.60 0.75 0.90   3 1 3 4 0.60 0.75 0.90   4 1 2 3 0.80 0.90 1.00   2 2 4 6 0.60 0.75 0.90   6 3 5 7 0.80 0.90 1.00   
6   5   5 5 6 7 0.80 0.90 1.00   3 4 7 8 0.60 0.75 0.90   4 4 6 7 0.80 0.90 1.00   1 7 8 10 0.80 0.90 1.00   6 6 8 9 0.80 0.90 1.00   4   1 1 2 3 0.80 0.90 1.00   3 4 6 7 0.60 0.75 0.90   2 1 3 4 0.60 0.75 0.90   5 7 10 13 0.80 0.90 1.00   1   1 1 3 4 0.60 0.75 0.90   4   3 7 8 10 0.50 0.60 0.70   4 5 8 12 0.80 0.90 1.00   5 4 5 7 0.60 0.75 0.90   2 5 7 8 0.50 0.60 0.70   2   6 6 8 9 0.80 0.90 1.00   1 2 4 6 0.60 0.75 0.90   6   2 4 5 6 0.50 0.60 0.70   1 3 4 5 0.60 0.75 0.90   5 2 4 5 0.80 0.90 1.00   3 2 4 5 0.60 0.75 0.90   4 7 8 9 0.80 0.90 1.00   6 5 6 9 0.60 0.75 0.90   
8   5   3 8 10 15 0.60 0.75 0.90   4 1 2 3 0.90 1.00 1.00   1 1 2 3 0.80 0.90 1.00   5 8 9 11 0.80 0.90 1.00   2 8 10 13 0.60 0.75 0.90   2   1 6 9 10 0.80 0.90 1.00   5 6 7 9 0.60 0.75 0.90   1   1 3 5 7 0.80 0.90 1.00   2   3 1 3 4 0.50 0.60 0.70   6 7 10 11 0.80 0.90 1.00   3   5 4 5 6 0.80 0.90 1.00   2 1 2 4 0.60 0.75 0.90   6 6 8 11 0.60 0.75 0.90   1   6 7 8 9 0.60 0.75 0.90   1   3 5 6 8 0.50 0.60 0.70   5   3 2 4 5 0.50 0.60 0.70   6 1 4 5 0.60 0.75 0.90   4 6 9 13 0.80 0.90 1.00   2 8 10 13 0.50 0.60 0.70   5 6 8 12 0.80 0.90 1.00   
9   1   4 4 5 6 0.90 1.00 1.00   5   3 5 6 8 0.60 0.75 0.90   1 6 9 11 0.80 0.90 1.00   6 1 2 3 0.60 0.75 0.90   2 9 10 12 0.60 0.75 0.90   4 5 6 8 0.80 0.90 1.00   1   6 3 5 7 0.60 0.75 0.90   6   2 5 9 13 0.60 0.75 0.90   1 7 10 13 0.80 0.90 1.00   6 8 9 13 0.60 0.75 0.90   5 1 3 4 0.80 0.90 1.00   4 1 2 3 0.90 1.00 1.00   3 1 2 3 0.50 0.60 0.70   5   1 5 6 8 0.60 0.75 0.90   3 1 2 5 0.50 0.60 0.70   2 6 10 12 0.60 0.75 0.90   4 6 8 10 0.90 1.00 1.00   6 9 10 14 0.60 0.75 0.90   3   1 5 8 11 0.80 0.90 1.00   4 1 3 4 0.90 1.00 1.00   3 3 5 7 0.50 0.60 0.70   1   4 7 10 13 0.80 0.90 1.00   1   5 2 4 6 0.80 0.90 1.00   1   6 1 2 3 0.80 0.90 1.00   
8   4   1 1 2 3 0.60 0.75 0.90   5 1 2 3 0.60 0.75 0.90   2 8 10 14 0.50 0.60 0.70   6 3 5 6 0.60 0.75 0.90   5   4 4 6 9 0.80 0.90 1.00   1 4 5 6 0.80 0.90 1.00   3 5 9 10 0.50 0.60 0.70   6 1 3 4 0.60 0.75 0.90   2 9 10 15 0.50 0.60 0.70   2   3 5 9 11 0.60 0.75 0.90   5 1 3 4 0.60 0.75 0.90   2   3 1 2 3 0.60 0.75 0.90   1 5 7 10 0.60 0.75 0.90   2   4 6 9 11 0.80 0.90 1.00   3 1 3 4 0.50 0.60 0.70   4   3 5 9 12 0.60 0.75 0.90   5 1 2 3 0.60 0.75 0.90   6 1 2 3 0.80 0.90 1.00   2 5 6 7 0.50 0.60 0.70   1   4 2 4 6 0.80 0.90 1.00   6   3 3 4 6 0.60 0.75 0.90   1 4 5 6 0.60 0.75 0.90   2 7 8 9 0.60 0.75 0.90   6 5 7 9 0.80 0.90 1.00   5 4 6 9 0.80 0.90 1.00   4 3 4 6 0.90 1.00 1.00   
