20 15 2
20   1   11 3 4 5 0.80 0.90 1.00   12   10 5 9 11 0.50 0.60 0.70   5 6 8 10 0.50 0.60 0.70   8 3 5 6 0.90 1.00 1.00   13 1 2 4 0.80 0.90 1.00   1 4 6 8 0.60 0.75 0.90   3 6 8 10 0.80 0.90 1.00   15 1 2 3 0.60 0.75 0.90   4 5 6 7 0.60 0.75 0.90   7 3 4 5 0.60 0.75 0.90   6 9 10 11 0.60 0.75 0.90   14 1 2 3 0.80 0.90 1.00   11 5 9 13 0.60 0.75 0.90   6   7 1 2 3 0.60 0.75 0.90   10 1 3 5 0.60 0.75 0.90   8 1 3 4 0.80 0.90 1.00   3 7 8 12 0.60 0.75 0.90   12 1 3 4 0.90 1.00 1.00   5 5 6 7 0.50 0.60 0.70   12   3 7 9 10 0.60 0.75 0.90   2 8 9 13 0.80 0.90 1.00   1 5 6 7 0.60 0.75 0.90   11 7 8 10 0.60 0.75 0.90   15 4 7 9 0.60 0.75 0.90   12 6 8 12 0.90 1.00 1.00   9 1 2 3 0.50 0.60 0.70   14 1 3 5 0.60 0.75 0.90   7 4 7 8 0.50 0.60 0.70   13 3 4 5 0.60 0.75 0.90   5 2 4 6 0.60 0.75 0.90   6 4 5 7 0.80 0.90 1.00   3   8 7 8 12 0.90 1.00 1.00   12 3 5 6 0.80 0.90 1.00   1 1 2 3 0.50 0.60 0.70   11   11 1 4 5 0.80 0.90 1.00   2 3 5 6 0.80 0.90 1.00   14 1 2 3 0.60 0.75 0.90   1 2 4 5 0.50 0.60 0.70   6 2 4 5 0.60 0.75 0.90   8 4 7 9 0.90 1.00 1.00   15 3 5 7 0.60 0.75 0.90   10 1 2 3 0.60 0.75 0.90   9 7 8 11 0.50 0.60 0.70   12 8 9 11 0.80 0.90 1.00   5 5 7 9 0.50 0.60 0.70   4   15 6 7 9 0.80 0.90 1.00   3 2 4 6 0.80 0.90 1.00   4 6 9 11 0.80 0.90 1.00   12 1 3 4 0.80 0.90 1.00   14   1 1 2 4 0.50 0.60 0.70   7 3 4 5 0.50 0.60 0.70   5 1 2 3 0.50 0.60 0.70   12 5 6 7 0.80 0.90 1.00   11 1 2 3 0.80 0.90 1.00   10 6 7 8 0.50 0.60 0.70   3 5 6 7 0.80 0.90 1.00   9 4 5 6 0.60 0.75 0.90   14 6 7 9 0.60 0.75 0.90   8 6 7 9 0.90 1.00 1.00   2 1 3 4 0.80 0.90 1.00   4 8 9 12 0.60 0.75 0.90   6 4 5 6 0.60 0.75 0.90   13 1 3 4 0.80 0.90 1.00   15   3 7 10 13 0.80 0.90 1.00   10 5 8 9 0.60 0.75 0.90   2 1 3 4 0.80 0.90 1.00   12 1 3 4 0.90 1.00 1.00   15 4 6 7 0.60 0.75 0.90   7 1 3 4 0.60 0.75 0.90   8 1 3 4 0.90 1.00 1.00   11 1 3 4 0.80 0.90 1.00   5 4 7 9 0.50 0.60 0.70   14 1 2 3 0.60 0.75 0.90   6 1 3 4 0.80 0.90 1.00   4 5 7 9 0.80 0.90 1.00   9 7 9 11 0.50 0.60 0.70   1 4 5 7 0.50 0.60 0.70   13 1 3 4 0.60 0.75 0.90   3   1 2 4 5 0.60 0.75 0.90   5 1 2 4 0.50 0.60 0.70   14 3 5 7 0.60 0.75 0.90   9   7 4 7 8 0.60 0.75 0.90   12 3 4 5 0.80 0.90 1.00   13 3 5 7 0.60 0.75 0.90   2 3 4 5 0.90 1.00 1.00   11 7 8 9 0.80 0.90 1.00   10 2 4 5 0.60 0.75 0.90   3 8 10 14 0.60 0.75 0.90   4 4 7 8 0.60 0.75 0.90   15 3 5 6 0.80 0.90 1.00   2   10 5 9 12 0.60 0.75 0.90   6 6 8 10 0.60 0.75 0.90   14   13 1 3 4 0.60 0.75 0.90   8 1 2 5 0.80 0.90 1.00   7 8 9 13 0.50 0.60 0.70   1 4 7 9 0.50 0.60 0.70   11 5 7 8 0.60 0.75 0.90   15 1 3 4 0.60 0.75 0.90   4 5 8 9 0.60 0.75 0.90   2 1 2 4 0.80 0.90 1.00   6 4 5 7 0.80 0.90 1.00   14 3 5 7 0.60 0.75 0.90   5 2 4 5 0.50 0.60 0.70   10 1 2 3 0.60 0.75 0.90   3 3 4 6 0.80 0.90 1.00   12 7 10 13 0.80 0.90 1.00   3   5 9 10 11 0.50 0.60 0.70   13 6 7 8 0.60 0.75 0.90   4 9 10 13 0.60 0.75 0.90   6   12 1 2 3 0.90 1.00 1.00   11 1 3 4 0.60 0.75 0.90   7 6 8 12 0.50 0.60 0.70   4 1 2 3 0.80 0.90 1.00   14 8 9 12 0.80 0.90 1.00   13 4 7 9 0.60 0.75 0.90   12   2 4 7 8 0.90 1.00 1.00   12 5 8 9 0.90 1.00 1.00   6 3 4 6 0.80 0.90 1.00   13 4 5 6 0.80 0.90 1.00   9 1 4 6 0.50 0.60 0.70   11 2 4 6 0.80 0.90 1.00   15 5 8 11 0.60 0.75 0.90   5 5 8 12 0.50 0.60 0.70   8 1 3 4 0.80 0.90 1.00   3 3 4 5 0.60 0.75 0.90   1 7 9 12 0.50 0.60 0.70   14 1 4 7 0.80 0.90 1.00   12   12 7 9 12 0.90 1.00 1.00   13 1 2 3 0.60 0.75 0.90   15 8 9 11 0.80 0.90 1.00   14 5 8 9 0.60 0.75 0.90   11 1 2 3 0.60 0.75 0.90   3 6 7 9 0.80 0.90 1.00   9 3 4 5 0.50 0.60 0.70   8 4 6 7 0.90 1.00 1.00   6 1 3 4 0.80 0.90 1.00   10 5 6 9 0.60 0.75 0.90   5 1 2 3 0.50 0.60 0.70   4 5 6 9 0.60 0.75 0.90   9   8 4 5 6 0.90 1.00 1.00   9 9 10 12 0.50 0.60 0.70   7 4 7 9 0.60 0.75 0.90   5 9 10 15 0.50 0.60 0.70   11 1 2 3 0.80 0.90 1.00   13 5 6 7 0.80 0.90 1.00   1 8 10 12 0.50 0.60 0.70   2 4 5 6 0.90 1.00 1.00   3 7 8 11 0.80 0.90 1.00   2   3 8 9 13 0.80 0.90 1.00   8 4 5 6 0.80 0.90 1.00   2   8 3 4 5 0.80 0.90 1.00   7 1 3 6 0.60 0.75 0.90   
17   6   4 4 7 10 0.60 0.75 0.90   5 9 10 14 0.50 0.60 0.70   15 6 10 14 0.80 0.90 1.00   7 5 6 7 0.60 0.75 0.90   8 1 3 4 0.90 1.00 1.00   2 1 2 3 0.90 1.00 1.00   9   11 1 3 6 0.60 0.75 0.90   13 8 9 11 0.60 0.75 0.90   15 7 8 12 0.60 0.75 0.90   3 1 2 3 0.80 0.90 1.00   10 9 10 12 0.60 0.75 0.90   5 7 8 12 0.60 0.75 0.90   9 7 8 11 0.60 0.75 0.90   4 4 5 6 0.80 0.90 1.00   6 7 10 15 0.60 0.75 0.90   2   9 3 5 6 0.50 0.60 0.70   7 5 6 8 0.60 0.75 0.90   5   9 3 5 7 0.50 0.60 0.70   7 2 4 6 0.50 0.60 0.70   15 1 2 3 0.80 0.90 1.00   1 4 6 7 0.50 0.60 0.70   11 7 9 11 0.60 0.75 0.90   10   1 4 6 7 0.50 0.60 0.70   14 1 2 3 0.80 0.90 1.00   11 1 2 3 0.60 0.75 0.90   12 5 9 13 0.80 0.90 1.00   15 7 9 13 0.60 0.75 0.90   3 5 8 9 0.80 0.90 1.00   9 3 4 6 0.50 0.60 0.70   13 1 3 4 0.60 0.75 0.90   7 1 4 6 0.50 0.60 0.70   4 6 9 11 0.60 0.75 0.90   14   2 4 5 6 0.80 0.90 1.00   10 5 6 8 0.60 0.75 0.90   13 4 5 6 0.80 0.90 1.00   8 6 7 8 0.90 1.00 1.00   5 6 10 11 0.60 0.75 0.90   15 2 4 5 0.80 0.90 1.00   7 5 7 10 0.50 0.60 0.70   14 3 5 6 0.80 0.90 1.00   11 1 3 5 0.80 0.90 1.00   1 1 2 3 0.60 0.75 0.90   12 1 2 3 0.90 1.00 1.00   4 7 8 10 0.60 0.75 0.90   3 7 8 11 0.60 0.75 0.90   6 5 7 8 0.60 0.75 0.90   13   11 2 4 5 0.80 0.90 1.00   8 7 8 10 0.80 0.90 1.00   12 7 8 11 0.80 0.90 1.00   3 4 6 8 0.80 0.90 1.00   10 8 9 10 0.50 0.60 0.70   9 5 8 9 0.60 0.75 0.90   7 9 10 13 0.60 0.75 0.90   14 4 7 8 0.60 0.75 0.90   4 5 7 9 0.80 0.90 1.00   6 2 4 5 0.80 0.90 1.00   15 1 3 4 0.60 0.75 0.90   5 4 5 7 0.50 0.60 0.70   13 4 6 7 0.80 0.90 1.00   4   8 5 7 8 0.80 0.90 1.00   12 1 2 3 0.80 0.90 1.00   15 1 2 3 0.80 0.90 1.00   3 4 5 7 0.60 0.75 0.90   5   8 4 5 7 0.90 1.00 1.00   6 4 5 6 0.60 0.75 0.90   3 6 10 14 0.60 0.75 0.90   12 7 8 10 0.80 0.90 1.00   9 5 9 13 0.50 0.60 0.70   14   1 1 3 6 0.60 0.75 0.90   8 1 2 3 0.80 0.90 1.00   12 4 5 6 0.90 1.00 1.00   9 7 8 9 0.50 0.60 0.70   11 5 9 10 0.80 0.90 1.00   13 2 4 5 0.60 0.75 0.90   3 7 8 11 0.80 0.90 1.00   5 1 3 5 0.50 0.60 0.70   15 3 4 6 0.80 0.90 1.00   10 1 3 4 0.60 0.75 0.90   6 1 3 4 0.80 0.90 1.00   4 6 9 13 0.60 0.75 0.90   7 1 3 4 0.50 0.60 0.70   2 5 6 7 0.90 1.00 1.00   13   3 6 10 11 0.80 0.90 1.00   6 4 5 6 0.60 0.75 0.90   4 5 6 7 0.60 0.75 0.90   12 4 7 8 0.80 0.90 1.00   11 5 7 9 0.80 0.90 1.00   7 5 8 11 0.60 0.75 0.90   9 1 2 5 0.50 0.60 0.70   8 1 3 4 0.90 1.00 1.00   15 2 4 5 0.80 0.90 1.00   13 1 3 6 0.60 0.75 0.90   2 4 5 7 0.80 0.90 1.00   14 6 7 9 0.60 0.75 0.90   5 1 3 4 0.50 0.60 0.70   5   3 1 3 4 0.80 0.90 1.00   10 9 10 13 0.50 0.60 0.70   8 6 8 10 0.80 0.90 1.00   7 3 4 5 0.60 0.75 0.90   6 5 7 9 0.80 0.90 1.00   13   2 9 10 12 0.80 0.90 1.00   15 5 9 12 0.80 0.90 1.00   3 1 4 5 0.80 0.90 1.00   10 1 2 3 0.60 0.75 0.90   5 5 7 9 0.50 0.60 0.70   7 1 2 3 0.60 0.75 0.90   14 7 10 14 0.60 0.75 0.90   6 5 6 8 0.80 0.90 1.00   8 1 3 4 0.80 0.90 1.00   4 6 10 13 0.60 0.75 0.90   13 1 3 5 0.60 0.75 0.90   12 1 3 4 0.80 0.90 1.00   9 1 3 4 0.50 0.60 0.70   8   13 1 2 3 0.60 0.75 0.90   7 5 6 9 0.60 0.75 0.90   9 8 10 14 0.60 0.75 0.90   6 5 9 11 0.80 0.90 1.00   12 1 3 4 0.80 0.90 1.00   3 5 6 8 0.80 0.90 1.00   1 1 4 6 0.50 0.60 0.70   5 8 9 10 0.60 0.75 0.90   13   11 1 2 3 0.60 0.75 0.90   2 1 4 5 0.80 0.90 1.00   7 4 6 8 0.60 0.75 0.90   12 5 6 9 0.80 0.90 1.00   9 4 6 9 0.60 0.75 0.90   13 4 7 9 0.80 0.90 1.00   3 1 2 3 0.80 0.90 1.00   10 4 5 6 0.50 0.60 0.70   14 7 8 10 0.60 0.75 0.90   5 5 6 8 0.50 0.60 0.70   4 1 3 4 0.80 0.90 1.00   15 4 7 10 0.80 0.90 1.00   6 1 3 4 0.80 0.90 1.00   15   11 1 2 5 0.80 0.90 1.00   5 1 3 5 0.60 0.75 0.90   15 4 5 6 0.80 0.90 1.00   4 8 9 13 0.80 0.90 1.00   14 4 5 6 0.60 0.75 0.90   6 1 2 3 0.80 0.90 1.00   9 3 5 7 0.60 0.75 0.90   10 1 3 4 0.60 0.75 0.90   8 2 4 6 0.90 1.00 1.00   13 5 6 7 0.80 0.90 1.00   1 5 6 9 0.50 0.60 0.70   7 2 4 5 0.50 0.60 0.70   3 1 3 4 0.60 0.75 0.90   2 2 4 5 0.80 0.90 1.00   12 1 3 4 0.80 0.90 1.00   13   2 6 9 10 0.80 0.90 1.00   14 7 10 12 0.80 0.90 1.00   12 1 3 4 0.80 0.90 1.00   15 5 7 10 0.80 0.90 1.00   10 3 5 7 0.60 0.75 0.90   11 2 4 5 0.60 0.75 0.90   1 5 6 8 0.60 0.75 0.90   8 1 3 4 0.80 0.90 1.00   13 4 5 6 0.80 0.90 1.00   6 1 4 7 0.80 0.90 1.00   5 5 9 10 0.50 0.60 0.70   4 1 3 4 0.80 0.90 1.00   9 6 7 10 0.60 0.75 0.90   
15   6   5 7 9 10 0.50 0.60 0.70   14 4 6 9 0.80 0.90 1.00   10 1 2 3 0.50 0.60 0.70   6 4 7 10 0.80 0.90 1.00   11 1 4 7 0.60 0.75 0.90   12 3 4 6 0.90 1.00 1.00   3   11 7 8 9 0.80 0.90 1.00   10 7 10 11 0.50 0.60 0.70   13 3 5 7 0.80 0.90 1.00   5   12 5 6 7 0.80 0.90 1.00   2 6 9 12 0.90 1.00 1.00   7 1 2 3 0.60 0.75 0.90   10 8 10 12 0.50 0.60 0.70   11 1 3 4 0.80 0.90 1.00   7   9 1 3 4 0.50 0.60 0.70   6 6 8 11 0.60 0.75 0.90   14 5 9 11 0.80 0.90 1.00   7 4 6 8 0.50 0.60 0.70   3 1 3 4 0.80 0.90 1.00   1 5 7 10 0.60 0.75 0.90   15 4 7 8 0.60 0.75 0.90   3   10 6 10 14 0.50 0.60 0.70   11 1 2 3 0.60 0.75 0.90   4 3 5 6 0.80 0.90 1.00   14   8 1 3 6 0.80 0.90 1.00   14 7 8 9 0.80 0.90 1.00   15 1 3 4 0.60 0.75 0.90   9 4 7 9 0.60 0.75 0.90   6 1 2 4 0.80 0.90 1.00   11 7 8 11 0.60 0.75 0.90   5 1 3 4 0.50 0.60 0.70   12 3 5 7 0.90 1.00 1.00   7 1 3 4 0.50 0.60 0.70   2 5 8 10 0.90 1.00 1.00   10 3 4 5 0.60 0.75 0.90   4 3 4 5 0.80 0.90 1.00   13 3 4 5 0.60 0.75 0.90   3 3 4 5 0.80 0.90 1.00   10   6 6 7 10 0.80 0.90 1.00   8 3 5 7 0.90 1.00 1.00   11 1 2 3 0.80 0.90 1.00   12 3 5 6 0.90 1.00 1.00   10 1 4 7 0.60 0.75 0.90   2 1 4 7 0.90 1.00 1.00   1 5 8 11 0.50 0.60 0.70   13 4 6 7 0.60 0.75 0.90   9 3 4 6 0.50 0.60 0.70   5 1 3 4 0.50 0.60 0.70   15   15 8 10 12 0.80 0.90 1.00   10 1 3 6 0.50 0.60 0.70   12 7 8 10 0.80 0.90 1.00   9 2 4 6 0.50 0.60 0.70   13 2 4 6 0.60 0.75 0.90   3 1 3 4 0.80 0.90 1.00   5 1 3 6 0.50 0.60 0.70   8 5 6 7 0.80 0.90 1.00   6 6 10 13 0.60 0.75 0.90   2 7 9 11 0.80 0.90 1.00   11 1 2 3 0.80 0.90 1.00   14 7 8 9 0.60 0.75 0.90   4 5 9 11 0.80 0.90 1.00   1 4 5 6 0.60 0.75 0.90   7 7 10 13 0.50 0.60 0.70   5   9 4 5 6 0.60 0.75 0.90   3 1 2 3 0.80 0.90 1.00   13 1 3 4 0.60 0.75 0.90   1 9 10 13 0.60 0.75 0.90   8 3 4 5 0.80 0.90 1.00   11   9 6 8 10 0.60 0.75 0.90   14 4 6 9 0.60 0.75 0.90   3 1 3 5 0.60 0.75 0.90   12 8 10 14 0.90 1.00 1.00   8 7 8 12 0.80 0.90 1.00   2 4 5 6 0.80 0.90 1.00   6 8 10 11 0.60 0.75 0.90   15 8 9 10 0.60 0.75 0.90   10 5 6 9 0.50 0.60 0.70   1 6 9 12 0.60 0.75 0.90   5 1 2 3 0.60 0.75 0.90   14   9 6 7 9 0.60 0.75 0.90   4 5 9 13 0.80 0.90 1.00   6 2 4 6 0.60 0.75 0.90   2 1 2 3 0.90 1.00 1.00   7 3 4 5 0.50 0.60 0.70   8 3 5 7 0.90 1.00 1.00   14 1 4 7 0.60 0.75 0.90   13 1 3 5 0.80 0.90 1.00   5 7 8 11 0.50 0.60 0.70   11 2 4 6 0.80 0.90 1.00   3 1 3 4 0.60 0.75 0.90   10 6 7 8 0.50 0.60 0.70   15 3 5 7 0.60 0.75 0.90   1 3 5 6 0.50 0.60 0.70   5   3 1 3 4 0.80 0.90 1.00   14 1 3 4 0.60 0.75 0.90   7 2 4 6 0.60 0.75 0.90   5 7 10 15 0.50 0.60 0.70   10 1 3 4 0.60 0.75 0.90   8   8 5 9 12 0.80 0.90 1.00   13 4 6 7 0.60 0.75 0.90   12 6 7 8 0.90 1.00 1.00   4 5 8 11 0.80 0.90 1.00   11 9 10 13 0.80 0.90 1.00   9 4 6 8 0.60 0.75 0.90   10 6 8 10 0.60 0.75 0.90   15 4 5 7 0.80 0.90 1.00   1   8 8 9 13 0.80 0.90 1.00   10   2 5 9 10 0.90 1.00 1.00   12 5 6 9 0.80 0.90 1.00   3 1 3 4 0.60 0.75 0.90   6 3 5 7 0.80 0.90 1.00   5 4 5 7 0.50 0.60 0.70   11 7 8 9 0.60 0.75 0.90   9 1 2 3 0.60 0.75 0.90   15 5 9 11 0.60 0.75 0.90   7 5 7 9 0.50 0.60 0.70   10 6 9 12 0.50 0.60 0.70   
17   14   15 5 8 9 0.80 0.90 1.00   13 3 4 5 0.80 0.90 1.00   8 5 8 11 0.80 0.90 1.00   7 1 4 5 0.50 0.60 0.70   1 4 7 8 0.50 0.60 0.70   10 1 3 4 0.60 0.75 0.90   9 1 3 4 0.50 0.60 0.70   11 5 6 7 0.60 0.75 0.90   4 3 4 5 0.60 0.75 0.90   12 5 7 9 0.90 1.00 1.00   5 4 5 7 0.60 0.75 0.90   14 5 6 7 0.80 0.90 1.00   6 3 5 6 0.60 0.75 0.90   3 6 7 10 0.60 0.75 0.90   8   3 9 10 15 0.60 0.75 0.90   13 5 6 9 0.80 0.90 1.00   5 3 4 6 0.60 0.75 0.90   10 2 4 6 0.60 0.75 0.90   14 8 9 10 0.80 0.90 1.00   6 1 2 3 0.80 0.90 1.00   11 4 7 10 0.60 0.75 0.90   15 7 8 10 0.80 0.90 1.00   2   1 1 2 3 0.60 0.75 0.90   7 3 5 6 0.60 0.75 0.90   15   9 6 10 13 0.50 0.60 0.70   6 1 2 3 0.60 0.75 0.90   3 7 8 10 0.60 0.75 0.90   15 6 8 10 0.80 0.90 1.00   14 1 2 3 0.60 0.75 0.90   2 6 8 12 0.90 1.00 1.00   7 2 4 5 0.60 0.75 0.90   12 5 9 10 0.80 0.90 1.00   4 1 2 3 0.60 0.75 0.90   13 9 10 12 0.80 0.90 1.00   8 5 6 8 0.90 1.00 1.00   11 6 10 11 0.60 0.75 0.90   5 3 4 5 0.50 0.60 0.70   10 8 9 12 0.60 0.75 0.90   1 6 8 10 0.60 0.75 0.90   12   7 4 7 8 0.50 0.60 0.70   10 6 10 11 0.60 0.75 0.90   5 6 7 8 0.50 0.60 0.70   12 1 3 4 0.80 0.90 1.00   11 3 5 6 0.60 0.75 0.90   6 4 5 7 0.60 0.75 0.90   9 5 6 9 0.60 0.75 0.90   8 1 3 4 0.90 1.00 1.00   13 1 2 3 0.60 0.75 0.90   15 1 2 3 0.60 0.75 0.90   3 6 9 11 0.60 0.75 0.90   4 7 9 11 0.60 0.75 0.90   5   13 5 6 7 0.80 0.90 1.00   8 3 5 7 0.80 0.90 1.00   4 3 5 6 0.80 0.90 1.00   15 8 10 12 0.80 0.90 1.00   11 9 10 15 0.80 0.90 1.00   8   10 4 5 7 0.50 0.60 0.70   4 6 8 11 0.80 0.90 1.00   15 1 2 3 0.80 0.90 1.00   12 3 5 7 0.80 0.90 1.00   11 1 3 6 0.80 0.90 1.00   6 7 9 11 0.80 0.90 1.00   1 1 2 3 0.50 0.60 0.70   9 1 2 3 0.60 0.75 0.90   2   5 4 6 9 0.60 0.75 0.90   8 5 7 9 0.80 0.90 1.00   7   7 3 4 5 0.50 0.60 0.70   4 1 2 3 0.80 0.90 1.00   1 9 10 13 0.60 0.75 0.90   13 6 8 10 0.80 0.90 1.00   11 7 9 12 0.80 0.90 1.00   8 6 8 12 0.80 0.90 1.00   9 1 2 3 0.50 0.60 0.70   7   1 1 3 4 0.50 0.60 0.70   10 1 3 4 0.60 0.75 0.90   13 1 3 4 0.80 0.90 1.00   7 6 9 10 0.50 0.60 0.70   5 6 8 11 0.60 0.75 0.90   2 7 8 10 0.80 0.90 1.00   14 1 2 3 0.60 0.75 0.90   6   3 6 10 13 0.60 0.75 0.90   9 6 10 12 0.60 0.75 0.90   10 1 3 4 0.50 0.60 0.70   1 6 10 11 0.50 0.60 0.70   2 7 8 11 0.90 1.00 1.00   7 5 6 9 0.50 0.60 0.70   2   15 1 2 3 0.80 0.90 1.00   10 6 9 10 0.60 0.75 0.90   5   3 3 4 5 0.80 0.90 1.00   14 7 8 11 0.80 0.90 1.00   5 2 4 6 0.60 0.75 0.90   6 7 8 10 0.80 0.90 1.00   13 1 2 3 0.60 0.75 0.90   5   9 8 9 12 0.60 0.75 0.90   15 7 8 11 0.80 0.90 1.00   4 7 10 15 0.80 0.90 1.00   7 1 3 5 0.50 0.60 0.70   11 7 9 11 0.80 0.90 1.00   15   12 1 3 4 0.80 0.90 1.00   1 4 7 10 0.60 0.75 0.90   14 8 9 12 0.60 0.75 0.90   7 1 4 6 0.50 0.60 0.70   13 2 4 6 0.80 0.90 1.00   2 5 6 8 0.80 0.90 1.00   15 6 10 11 0.80 0.90 1.00   3 7 10 12 0.80 0.90 1.00   9 1 2 3 0.60 0.75 0.90   11 1 3 6 0.60 0.75 0.90   5 8 10 12 0.60 0.75 0.90   10 5 9 11 0.50 0.60 0.70   4 4 5 7 0.80 0.90 1.00   6 1 3 4 0.60 0.75 0.90   8 2 4 6 0.90 1.00 1.00   1   2 6 7 10 0.80 0.90 1.00   15   1 7 9 12 0.60 0.75 0.90   7 1 3 4 0.50 0.60 0.70   5 1 2 5 0.50 0.60 0.70   12 7 8 11 0.80 0.90 1.00   4 5 7 8 0.80 0.90 1.00   15 9 10 13 0.80 0.90 1.00   6 4 5 7 0.60 0.75 0.90   13 1 3 4 0.80 0.90 1.00   9 3 4 6 0.50 0.60 0.70   11 4 5 6 0.60 0.75 0.90   8 5 6 8 0.90 1.00 1.00   14 6 8 11 0.60 0.75 0.90   3 9 10 15 0.80 0.90 1.00   2 5 6 9 0.80 0.90 1.00   10 5 6 8 0.60 0.75 0.90   
15   3   7 1 2 3 0.60 0.75 0.90   14 1 2 3 0.80 0.90 1.00   11 3 4 6 0.80 0.90 1.00   2   15 1 2 4 0.60 0.75 0.90   14 7 9 10 0.60 0.75 0.90   6   15 8 9 11 0.80 0.90 1.00   14 9 10 12 0.60 0.75 0.90   7 9 10 15 0.60 0.75 0.90   9 9 10 13 0.50 0.60 0.70   10 7 8 9 0.60 0.75 0.90   5 4 5 6 0.60 0.75 0.90   4   7 5 6 8 0.50 0.60 0.70   14 5 8 12 0.60 0.75 0.90   13 4 5 7 0.80 0.90 1.00   6 1 3 4 0.80 0.90 1.00   12   1 5 6 9 0.60 0.75 0.90   5 4 7 8 0.60 0.75 0.90   8 1 2 3 0.80 0.90 1.00   10 6 10 14 0.60 0.75 0.90   14 4 5 6 0.60 0.75 0.90   9 5 6 7 0.60 0.75 0.90   13 3 5 7 0.60 0.75 0.90   11 8 9 10 0.80 0.90 1.00   12 6 8 12 0.90 1.00 1.00   7 1 2 3 0.50 0.60 0.70   3 1 2 3 0.60 0.75 0.90   6 4 6 9 0.80 0.90 1.00   5   8 1 3 4 0.80 0.90 1.00   4 7 8 11 0.60 0.75 0.90   7 1 2 3 0.60 0.75 0.90   1 7 8 11 0.60 0.75 0.90   11 4 6 7 0.80 0.90 1.00   12   10 5 6 8 0.60 0.75 0.90   12 5 6 9 0.90 1.00 1.00   13 5 6 7 0.80 0.90 1.00   14 1 3 6 0.60 0.75 0.90   11 1 2 3 0.80 0.90 1.00   1 5 7 8 0.50 0.60 0.70   8 2 4 6 0.90 1.00 1.00   4 1 4 6 0.80 0.90 1.00   7 5 6 9 0.50 0.60 0.70   6 7 8 10 0.60 0.75 0.90   5 5 7 9 0.50 0.60 0.70   2 1 3 4 0.90 1.00 1.00   10   1 1 3 4 0.50 0.60 0.70   15 5 6 7 0.60 0.75 0.90   13 3 4 6 0.80 0.90 1.00   10 1 4 7 0.60 0.75 0.90   7 8 9 12 0.60 0.75 0.90   8 6 7 10 0.80 0.90 1.00   6 5 6 8 0.60 0.75 0.90   4 8 10 11 0.60 0.75 0.90   12 6 8 11 0.90 1.00 1.00   3 4 5 7 0.80 0.90 1.00   9   12 1 3 4 0.90 1.00 1.00   14 1 4 6 0.80 0.90 1.00   15 2 4 5 0.60 0.75 0.90   2 4 6 7 0.80 0.90 1.00   11 5 6 7 0.60 0.75 0.90   4 3 5 7 0.60 0.75 0.90   1 5 7 9 0.50 0.60 0.70   9 7 9 10 0.50 0.60 0.70   7 6 7 9 0.60 0.75 0.90   7   8 6 8 12 0.90 1.00 1.00   5 7 10 11 0.50 0.60 0.70   13 1 3 4 0.60 0.75 0.90   11 3 4 5 0.80 0.90 1.00   2 7 8 9 0.80 0.90 1.00   15 2 4 5 0.80 0.90 1.00   9 2 4 6 0.60 0.75 0.90   11   7 9 10 12 0.50 0.60 0.70   14 5 8 12 0.80 0.90 1.00   5 2 4 5 0.60 0.75 0.90   9 7 8 11 0.60 0.75 0.90   15 1 2 3 0.60 0.75 0.90   11 1 3 4 0.80 0.90 1.00   6 7 10 13 0.80 0.90 1.00   12 5 8 10 0.80 0.90 1.00   3 1 2 3 0.80 0.90 1.00   1 1 2 3 0.60 0.75 0.90   10 7 9 11 0.60 0.75 0.90   4   5 1 4 6 0.50 0.60 0.70   14 1 4 7 0.60 0.75 0.90   10 4 5 7 0.50 0.60 0.70   12 7 8 9 0.80 0.90 1.00   7   10 2 4 5 0.60 0.75 0.90   14 7 8 10 0.80 0.90 1.00   5 2 4 6 0.50 0.60 0.70   12 5 6 9 0.80 0.90 1.00   13 5 6 9 0.60 0.75 0.90   15 2 4 6 0.60 0.75 0.90   9 3 5 6 0.50 0.60 0.70   5   3 1 3 4 0.60 0.75 0.90   15 3 4 5 0.60 0.75 0.90   1 3 5 7 0.60 0.75 0.90   12 6 7 9 0.80 0.90 1.00   7 5 6 7 0.60 0.75 0.90   3   15 1 3 4 0.60 0.75 0.90   14 6 10 11 0.60 0.75 0.90   12 1 2 3 0.90 1.00 1.00   
20   1   13 9 10 15 0.60 0.75 0.90   3   9 7 8 9 0.60 0.75 0.90   6 6 10 13 0.80 0.90 1.00   13 1 2 3 0.60 0.75 0.90   7   15 3 5 7 0.80 0.90 1.00   9 3 5 7 0.60 0.75 0.90   7 1 4 5 0.60 0.75 0.90   8 1 3 4 0.80 0.90 1.00   12 4 7 10 0.90 1.00 1.00   2 7 9 10 0.80 0.90 1.00   1 7 9 11 0.60 0.75 0.90   3   2 6 9 13 0.90 1.00 1.00   3 5 8 11 0.60 0.75 0.90   7 9 10 13 0.60 0.75 0.90   9   5 1 3 5 0.60 0.75 0.90   14 2 4 5 0.60 0.75 0.90   8 3 5 6 0.80 0.90 1.00   10 2 4 5 0.50 0.60 0.70   11 2 4 5 0.80 0.90 1.00   15 1 3 5 0.80 0.90 1.00   7 1 3 4 0.50 0.60 0.70   3 5 6 7 0.60 0.75 0.90   12 3 4 6 0.80 0.90 1.00   8   2 1 3 4 0.90 1.00 1.00   10 1 3 4 0.60 0.75 0.90   13 5 7 10 0.80 0.90 1.00   9 3 5 6 0.50 0.60 0.70   8 1 3 4 0.80 0.90 1.00   12 7 8 9 0.90 1.00 1.00   7 6 7 9 0.60 0.75 0.90   1 2 4 5 0.60 0.75 0.90   9   5 5 8 12 0.50 0.60 0.70   14 8 9 11 0.80 0.90 1.00   4 4 6 7 0.80 0.90 1.00   12 6 7 9 0.90 1.00 1.00   11 1 2 3 0.80 0.90 1.00   10 5 7 10 0.50 0.60 0.70   6 6 9 11 0.80 0.90 1.00   7 3 5 6 0.50 0.60 0.70   3 6 9 11 0.60 0.75 0.90   8   7 4 6 8 0.50 0.60 0.70   9 7 8 9 0.50 0.60 0.70   5 2 4 5 0.50 0.60 0.70   2 5 9 10 0.90 1.00 1.00   1 7 8 12 0.50 0.60 0.70   12 1 3 4 0.80 0.90 1.00   15 6 7 9 0.60 0.75 0.90   8 6 9 12 0.80 0.90 1.00   13   11 3 4 5 0.80 0.90 1.00   2 1 3 4 0.80 0.90 1.00   13 5 7 8 0.80 0.90 1.00   7 1 3 6 0.60 0.75 0.90   10 1 3 4 0.50 0.60 0.70   8 4 5 6 0.80 0.90 1.00   3 5 6 9 0.60 0.75 0.90   1 2 4 5 0.60 0.75 0.90   4 5 6 9 0.60 0.75 0.90   14 4 7 8 0.80 0.90 1.00   12 1 2 3 0.80 0.90 1.00   15 6 7 9 0.80 0.90 1.00   5 5 6 8 0.50 0.60 0.70   1   12 8 10 12 0.80 0.90 1.00   14   3 9 10 11 0.60 0.75 0.90   4 1 3 4 0.80 0.90 1.00   15 4 5 6 0.80 0.90 1.00   13 6 7 9 0.80 0.90 1.00   6 5 6 7 0.80 0.90 1.00   7 1 4 5 0.50 0.60 0.70   11 6 8 9 0.80 0.90 1.00   8 3 5 7 0.90 1.00 1.00   10 4 7 8 0.50 0.60 0.70   12 7 8 12 0.90 1.00 1.00   5 2 4 6 0.50 0.60 0.70   14 4 5 6 0.60 0.75 0.90   1 1 2 4 0.50 0.60 0.70   2 6 8 11 0.80 0.90 1.00   8   12 5 6 9 0.90 1.00 1.00   9 1 3 4 0.50 0.60 0.70   2 7 10 15 0.80 0.90 1.00   3 7 10 14 0.80 0.90 1.00   10 7 8 12 0.60 0.75 0.90   13 8 9 11 0.80 0.90 1.00   5 4 7 10 0.60 0.75 0.90   14 3 5 6 0.60 0.75 0.90   10   6 7 8 11 0.60 0.75 0.90   10 6 10 13 0.50 0.60 0.70   15 1 4 7 0.80 0.90 1.00   4 7 9 10 0.80 0.90 1.00   11 3 4 5 0.60 0.75 0.90   1 4 5 7 0.60 0.75 0.90   9 7 8 9 0.60 0.75 0.90   14 5 7 8 0.80 0.90 1.00   7 8 10 11 0.50 0.60 0.70   8 6 10 14 0.90 1.00 1.00   15   9 1 2 5 0.60 0.75 0.90   14 3 5 6 0.80 0.90 1.00   7 4 7 9 0.60 0.75 0.90   12 6 10 12 0.90 1.00 1.00   13 1 3 4 0.80 0.90 1.00   10 4 5 7 0.50 0.60 0.70   6 6 10 12 0.60 0.75 0.90   8 1 2 3 0.80 0.90 1.00   15 7 8 11 0.80 0.90 1.00   2 1 3 6 0.80 0.90 1.00   4 7 8 12 0.80 0.90 1.00   3 6 9 11 0.60 0.75 0.90   5 3 4 6 0.50 0.60 0.70   11 5 9 11 0.60 0.75 0.90   1 1 3 4 0.60 0.75 0.90   14   10 3 5 7 0.60 0.75 0.90   5 7 8 9 0.60 0.75 0.90   15 4 6 7 0.60 0.75 0.90   7 1 2 4 0.50 0.60 0.70   12 1 3 4 0.80 0.90 1.00   2 6 7 9 0.90 1.00 1.00   9 4 7 10 0.60 0.75 0.90   8 1 2 4 0.90 1.00 1.00   1 5 8 11 0.60 0.75 0.90   11 1 2 3 0.60 0.75 0.90   13 4 6 8 0.80 0.90 1.00   3 4 6 8 0.80 0.90 1.00   6 1 2 3 0.60 0.75 0.90   14 9 10 14 0.60 0.75 0.90   10   9 8 10 12 0.50 0.60 0.70   14 8 10 12 0.80 0.90 1.00   13 1 3 4 0.80 0.90 1.00   11 5 6 8 0.60 0.75 0.90   8 6 10 12 0.80 0.90 1.00   6 4 5 6 0.80 0.90 1.00   5 5 6 7 0.60 0.75 0.90   15 6 7 10 0.80 0.90 1.00   7 7 10 11 0.60 0.75 0.90   3 6 7 10 0.80 0.90 1.00   1   12 5 6 7 0.80 0.90 1.00   3   4 4 5 7 0.60 0.75 0.90   10 3 4 6 0.60 0.75 0.90   13 4 6 7 0.80 0.90 1.00   11   4 1 2 3 0.60 0.75 0.90   10 5 9 10 0.60 0.75 0.90   3 1 4 7 0.60 0.75 0.90   12 1 2 4 0.90 1.00 1.00   15 1 3 4 0.60 0.75 0.90   14 5 6 8 0.80 0.90 1.00   9 1 3 4 0.60 0.75 0.90   2 5 8 12 0.80 0.90 1.00   13 3 5 6 0.60 0.75 0.90   6 3 5 6 0.80 0.90 1.00   7 1 3 4 0.60 0.75 0.90   12   5 8 9 11 0.60 0.75 0.90   10 1 2 3 0.60 0.75 0.90   13 3 4 5 0.80 0.90 1.00   6 1 4 5 0.80 0.90 1.00   14 1 2 3 0.80 0.90 1.00   15 1 3 4 0.60 0.75 0.90   3 1 3 4 0.80 0.90 1.00   2 7 8 12 0.80 0.90 1.00   12 4 7 10 0.90 1.00 1.00   7 2 4 5 0.60 0.75 0.90   9 3 5 6 0.60 0.75 0.90   8 1 4 7 0.80 0.90 1.00   
17   6   1 5 8 11 0.50 0.60 0.70   4 7 9 12 0.60 0.75 0.90   13 1 2 3 0.80 0.90 1.00   12 1 2 3 0.90 1.00 1.00   9 7 10 12 0.60 0.75 0.90   5 7 8 12 0.60 0.75 0.90   2   13 4 7 8 0.60 0.75 0.90   10 7 8 11 0.50 0.60 0.70   8   14 4 6 7 0.60 0.75 0.90   12 1 3 4 0.90 1.00 1.00   13 1 2 3 0.60 0.75 0.90   4 6 8 12 0.60 0.75 0.90   9 1 2 3 0.60 0.75 0.90   10 1 3 4 0.60 0.75 0.90   5 6 7 9 0.60 0.75 0.90   2 5 7 10 0.90 1.00 1.00   2   15 4 5 7 0.80 0.90 1.00   14 1 2 3 0.60 0.75 0.90   14   15 9 10 13 0.80 0.90 1.00   14 1 3 4 0.80 0.90 1.00   13 1 3 4 0.60 0.75 0.90   2 1 4 5 0.90 1.00 1.00   3 6 9 12 0.80 0.90 1.00   4 4 5 7 0.60 0.75 0.90   6 1 2 3 0.80 0.90 1.00   12 5 6 7 0.80 0.90 1.00   7 1 3 4 0.60 0.75 0.90   1 3 5 6 0.50 0.60 0.70   9 1 2 3 0.50 0.60 0.70   8 5 6 7 0.90 1.00 1.00   5 7 9 10 0.60 0.75 0.90   11 5 6 9 0.80 0.90 1.00   5   15 6 9 10 0.80 0.90 1.00   3 3 5 7 0.80 0.90 1.00   4 4 5 7 0.80 0.90 1.00   12 5 9 13 0.80 0.90 1.00   10 8 9 11 0.50 0.60 0.70   13   3 3 5 7 0.80 0.90 1.00   14 8 9 13 0.80 0.90 1.00   1 1 3 4 0.50 0.60 0.70   12 1 2 3 0.90 1.00 1.00   2 4 5 7 0.90 1.00 1.00   11 6 7 10 0.60 0.75 0.90   13 5 6 9 0.80 0.90 1.00   8 2 4 5 0.90 1.00 1.00   7 1 3 4 0.50 0.60 0.70   9 5 6 8 0.60 0.75 0.90   6 9 10 12 0.60 0.75 0.90   4 2 4 6 0.80 0.90 1.00   5 2 4 6 0.60 0.75 0.90   13   9 6 7 8 0.50 0.60 0.70   14 1 2 3 0.80 0.90 1.00   3 1 2 3 0.80 0.90 1.00   11 1 3 4 0.80 0.90 1.00   6 9 10 15 0.80 0.90 1.00   15 3 5 6 0.60 0.75 0.90   12 6 7 10 0.80 0.90 1.00   10 5 8 11 0.50 0.60 0.70   2 5 6 7 0.90 1.00 1.00   13 5 7 10 0.80 0.90 1.00   5 5 8 9 0.50 0.60 0.70   4 1 2 3 0.80 0.90 1.00   1 6 7 9 0.50 0.60 0.70   3   5 1 3 4 0.60 0.75 0.90   10 5 7 9 0.50 0.60 0.70   6 1 2 4 0.60 0.75 0.90   14   8 1 3 4 0.90 1.00 1.00   2 7 8 12 0.80 0.90 1.00   6 5 8 12 0.60 0.75 0.90   4 1 3 4 0.60 0.75 0.90   11 1 4 6 0.60 0.75 0.90   10 2 4 5 0.60 0.75 0.90   14 4 5 7 0.80 0.90 1.00   9 5 6 7 0.60 0.75 0.90   1 3 5 7 0.60 0.75 0.90   15 1 3 4 0.80 0.90 1.00   5 2 4 5 0.50 0.60 0.70   7 9 10 11 0.60 0.75 0.90   3 7 9 13 0.60 0.75 0.90   13 9 10 15 0.60 0.75 0.90   1   15 6 8 12 0.80 0.90 1.00   9   3 1 3 4 0.60 0.75 0.90   15 6 7 8 0.60 0.75 0.90   1 2 4 6 0.50 0.60 0.70   9 4 7 8 0.50 0.60 0.70   7 5 6 7 0.60 0.75 0.90   13 1 3 4 0.60 0.75 0.90   8 5 9 11 0.90 1.00 1.00   5 4 6 7 0.50 0.60 0.70   14 1 2 3 0.80 0.90 1.00   11   14 4 5 7 0.80 0.90 1.00   15 2 4 5 0.80 0.90 1.00   13 7 8 11 0.60 0.75 0.90   9 7 8 10 0.60 0.75 0.90   7 2 4 6 0.50 0.60 0.70   10 5 9 12 0.50 0.60 0.70   11 8 10 13 0.60 0.75 0.90   6 2 4 6 0.60 0.75 0.90   8 6 10 13 0.80 0.90 1.00   4 7 8 10 0.60 0.75 0.90   12 1 2 3 0.80 0.90 1.00   2   5 1 3 4 0.50 0.60 0.70   15 4 5 6 0.60 0.75 0.90   11   5 1 2 3 0.60 0.75 0.90   10 3 4 5 0.50 0.60 0.70   12 1 3 4 0.90 1.00 1.00   9 4 7 10 0.50 0.60 0.70   13 9 10 15 0.80 0.90 1.00   8 4 6 7 0.90 1.00 1.00   14 5 7 10 0.60 0.75 0.90   4 4 7 10 0.80 0.90 1.00   7 6 8 11 0.50 0.60 0.70   2 4 5 7 0.90 1.00 1.00   1 8 9 10 0.60 0.75 0.90   7   1 5 6 9 0.50 0.60 0.70   8 7 10 12 0.90 1.00 1.00   4 5 9 13 0.80 0.90 1.00   15 9 10 14 0.60 0.75 0.90   11 1 2 4 0.80 0.90 1.00   3 3 5 6 0.60 0.75 0.90   12 5 6 9 0.90 1.00 1.00   14   6 5 8 9 0.60 0.75 0.90   14 7 8 11 0.80 0.90 1.00   8 1 2 3 0.80 0.90 1.00   9 9 10 14 0.50 0.60 0.70   5 5 8 11 0.60 0.75 0.90   10 4 7 10 0.50 0.60 0.70   4 9 10 11 0.60 0.75 0.90   11 1 3 4 0.60 0.75 0.90   12 4 7 9 0.80 0.90 1.00   2 4 7 9 0.90 1.00 1.00   1 2 4 6 0.60 0.75 0.90   7 1 3 4 0.60 0.75 0.90   15 1 2 3 0.80 0.90 1.00   13 8 10 14 0.60 0.75 0.90   
18   11   1 5 6 9 0.50 0.60 0.70   13 3 5 7 0.80 0.90 1.00   7 1 4 5 0.50 0.60 0.70   12 2 4 6 0.90 1.00 1.00   11 3 4 6 0.60 0.75 0.90   9 2 4 6 0.60 0.75 0.90   15 1 4 5 0.80 0.90 1.00   6 1 3 4 0.80 0.90 1.00   14 1 3 4 0.60 0.75 0.90   8 3 5 7 0.80 0.90 1.00   5 1 2 3 0.50 0.60 0.70   1   5 1 4 5 0.60 0.75 0.90   12   2 1 4 5 0.80 0.90 1.00   8 5 6 9 0.90 1.00 1.00   15 4 5 6 0.60 0.75 0.90   1 1 2 3 0.60 0.75 0.90   11 2 4 6 0.80 0.90 1.00   10 1 2 5 0.50 0.60 0.70   4 3 4 6 0.60 0.75 0.90   7 9 10 11 0.50 0.60 0.70   12 5 7 9 0.80 0.90 1.00   14 2 4 6 0.60 0.75 0.90   9 1 2 3 0.50 0.60 0.70   13 4 5 6 0.80 0.90 1.00   7   11 1 2 3 0.80 0.90 1.00   1 7 8 11 0.50 0.60 0.70   10 1 2 3 0.50 0.60 0.70   15 3 4 6 0.80 0.90 1.00   5 6 7 9 0.60 0.75 0.90   7 4 5 7 0.60 0.75 0.90   9 4 5 7 0.60 0.75 0.90   10   1 1 2 5 0.60 0.75 0.90   4 1 2 3 0.60 0.75 0.90   14 8 9 10 0.80 0.90 1.00   15 1 3 5 0.60 0.75 0.90   11 7 9 13 0.60 0.75 0.90   3 7 9 13 0.80 0.90 1.00   6 4 5 7 0.80 0.90 1.00   13 3 5 6 0.80 0.90 1.00   8 4 7 9 0.90 1.00 1.00   7 5 6 9 0.50 0.60 0.70   12   7 6 7 9 0.50 0.60 0.70   14 1 2 4 0.60 0.75 0.90   11 5 6 8 0.80 0.90 1.00   9 1 3 4 0.50 0.60 0.70   1 1 2 4 0.50 0.60 0.70   15 7 10 14 0.80 0.90 1.00   13 4 5 7 0.60 0.75 0.90   8 1 4 7 0.80 0.90 1.00   12 1 3 4 0.90 1.00 1.00   5 1 4 7 0.60 0.75 0.90   10 4 5 6 0.60 0.75 0.90   4 5 6 7 0.60 0.75 0.90   7   11 7 8 12 0.60 0.75 0.90   13 6 8 12 0.60 0.75 0.90   2 7 9 10 0.90 1.00 1.00   7 2 4 6 0.60 0.75 0.90   1 1 2 3 0.60 0.75 0.90   6 1 2 5 0.60 0.75 0.90   9 7 8 9 0.50 0.60 0.70   6   3 1 2 5 0.60 0.75 0.90   13 6 7 10 0.80 0.90 1.00   1 1 3 4 0.50 0.60 0.70   2 1 2 5 0.90 1.00 1.00   5 7 8 12 0.50 0.60 0.70   4 1 3 4 0.60 0.75 0.90   9   13 9 10 11 0.80 0.90 1.00   10 4 5 6 0.60 0.75 0.90   14 4 5 6 0.80 0.90 1.00   12 5 8 11 0.90 1.00 1.00   11 5 7 9 0.60 0.75 0.90   5 1 3 4 0.60 0.75 0.90   9 1 3 4 0.60 0.75 0.90   3 4 6 9 0.60 0.75 0.90   1 6 9 11 0.50 0.60 0.70   15   15 4 7 8 0.60 0.75 0.90   14 4 7 10 0.80 0.90 1.00   5 5 8 11 0.60 0.75 0.90   8 7 10 15 0.90 1.00 1.00   9 5 6 7 0.50 0.60 0.70   2 6 8 11 0.90 1.00 1.00   3 4 6 8 0.60 0.75 0.90   6 5 6 7 0.60 0.75 0.90   10 1 3 4 0.60 0.75 0.90   4 5 8 11 0.80 0.90 1.00   7 5 7 8 0.50 0.60 0.70   13 2 4 5 0.60 0.75 0.90   12 1 3 4 0.80 0.90 1.00   11 5 6 8 0.60 0.75 0.90   1 8 9 12 0.60 0.75 0.90   1   2 9 10 13 0.80 0.90 1.00   11   6 5 9 13 0.80 0.90 1.00   8 5 8 11 0.80 0.90 1.00   14 3 5 7 0.60 0.75 0.90   12 5 6 7 0.80 0.90 1.00   9 1 3 4 0.50 0.60 0.70   7 6 10 13 0.50 0.60 0.70   11 6 9 12 0.60 0.75 0.90   3 4 5 6 0.60 0.75 0.90   1 4 7 10 0.50 0.60 0.70   13 7 8 12 0.60 0.75 0.90   10 1 2 5 0.50 0.60 0.70   14   10 3 5 7 0.50 0.60 0.70   14 4 6 8 0.80 0.90 1.00   5 1 3 4 0.50 0.60 0.70   9 1 2 3 0.60 0.75 0.90   1 3 5 6 0.50 0.60 0.70   11 5 6 7 0.80 0.90 1.00   13 1 2 3 0.80 0.90 1.00   3 3 4 6 0.80 0.90 1.00   6 5 8 10 0.80 0.90 1.00   15 3 4 6 0.80 0.90 1.00   4 4 5 6 0.60 0.75 0.90   8 6 7 8 0.80 0.90 1.00   12 1 2 3 0.80 0.90 1.00   2 4 5 7 0.80 0.90 1.00   15   14 6 8 11 0.80 0.90 1.00   2 3 5 6 0.80 0.90 1.00   1 1 2 3 0.60 0.75 0.90   8 1 2 3 0.90 1.00 1.00   5 4 7 9 0.60 0.75 0.90   4 1 2 3 0.60 0.75 0.90   6 5 9 13 0.60 0.75 0.90   7 3 4 6 0.60 0.75 0.90   11 1 2 3 0.60 0.75 0.90   13 4 5 6 0.80 0.90 1.00   15 9 10 13 0.80 0.90 1.00   12 7 8 12 0.90 1.00 1.00   3 5 9 10 0.60 0.75 0.90   9 1 4 6 0.50 0.60 0.70   10 1 3 4 0.60 0.75 0.90   13   2 1 2 3 0.80 0.90 1.00   15 1 2 3 0.80 0.90 1.00   8 7 10 13 0.90 1.00 1.00   3 2 4 5 0.80 0.90 1.00   5 6 7 8 0.60 0.75 0.90   6 8 9 11 0.80 0.90 1.00   7 6 7 8 0.60 0.75 0.90   13 9 10 11 0.80 0.90 1.00   11 5 9 13 0.60 0.75 0.90   14 3 5 6 0.80 0.90 1.00   12 8 10 11 0.80 0.90 1.00   4 4 7 8 0.80 0.90 1.00   9 1 3 4 0.50 0.60 0.70   1   6 1 3 4 0.60 0.75 0.90   14   14 7 10 15 0.80 0.90 1.00   15 6 7 10 0.80 0.90 1.00   1 1 3 4 0.50 0.60 0.70   2 9 10 13 0.90 1.00 1.00   10 6 8 11 0.60 0.75 0.90   6 1 4 7 0.80 0.90 1.00   12 1 3 4 0.90 1.00 1.00   9 2 4 5 0.50 0.60 0.70   4 6 8 9 0.60 0.75 0.90   13 5 9 10 0.60 0.75 0.90   11 2 4 5 0.80 0.90 1.00   7 1 2 4 0.60 0.75 0.90   3 6 7 8 0.60 0.75 0.90   5 1 3 4 0.50 0.60 0.70   15   11 1 2 3 0.60 0.75 0.90   1 1 3 4 0.50 0.60 0.70   10 6 8 10 0.50 0.60 0.70   5 1 4 5 0.50 0.60 0.70   12 1 2 4 0.90 1.00 1.00   14 1 3 4 0.60 0.75 0.90   4 1 3 4 0.60 0.75 0.90   8 5 7 10 0.80 0.90 1.00   7 1 2 3 0.60 0.75 0.90   13 2 4 6 0.80 0.90 1.00   3 5 6 7 0.80 0.90 1.00   2 1 2 3 0.90 1.00 1.00   9 3 4 5 0.60 0.75 0.90   6 7 8 9 0.60 0.75 0.90   15 3 4 5 0.60 0.75 0.90   
19   7   1 4 5 6 0.50 0.60 0.70   14 8 9 10 0.80 0.90 1.00   11 1 3 4 0.80 0.90 1.00   4 5 9 10 0.60 0.75 0.90   7 3 5 6 0.50 0.60 0.70   5 5 8 10 0.50 0.60 0.70   9 3 4 5 0.60 0.75 0.90   6   11 3 5 6 0.60 0.75 0.90   12 1 3 4 0.80 0.90 1.00   7 1 2 4 0.50 0.60 0.70   14 7 8 12 0.80 0.90 1.00   9 2 4 6 0.50 0.60 0.70   5 2 4 6 0.50 0.60 0.70   6   8 4 7 8 0.80 0.90 1.00   5 6 9 10 0.50 0.60 0.70   2 8 9 10 0.90 1.00 1.00   6 4 7 10 0.60 0.75 0.90   12 1 2 3 0.90 1.00 1.00   13 7 10 15 0.60 0.75 0.90   15   2 6 9 11 0.90 1.00 1.00   11 1 4 6 0.60 0.75 0.90   4 5 6 8 0.60 0.75 0.90   14 1 3 4 0.80 0.90 1.00   9 1 3 4 0.60 0.75 0.90   8 1 3 4 0.90 1.00 1.00   5 4 6 7 0.50 0.60 0.70   12 1 2 3 0.90 1.00 1.00   7 5 7 10 0.50 0.60 0.70   13 1 3 4 0.80 0.90 1.00   10 8 9 10 0.60 0.75 0.90   3 7 10 11 0.80 0.90 1.00   6 7 10 13 0.60 0.75 0.90   1 5 6 8 0.50 0.60 0.70   15 3 4 6 0.60 0.75 0.90   13   6 6 7 10 0.80 0.90 1.00   7 3 5 6 0.50 0.60 0.70   12 6 8 10 0.90 1.00 1.00   11 3 5 7 0.80 0.90 1.00   3 9 10 11 0.60 0.75 0.90   9 1 2 3 0.50 0.60 0.70   14 4 6 7 0.60 0.75 0.90   4 1 2 3 0.60 0.75 0.90   2 1 2 4 0.80 0.90 1.00   13 1 2 3 0.60 0.75 0.90   5 8 9 12 0.60 0.75 0.90   15 1 2 3 0.80 0.90 1.00   10 7 8 12 0.60 0.75 0.90   2   14 6 7 9 0.60 0.75 0.90   12 5 7 10 0.90 1.00 1.00   10   6 1 2 4 0.60 0.75 0.90   5 1 2 3 0.60 0.75 0.90   12 3 5 7 0.90 1.00 1.00   10 3 5 7 0.60 0.75 0.90   13 6 8 12 0.80 0.90 1.00   2 5 6 7 0.80 0.90 1.00   15 1 3 4 0.80 0.90 1.00   3 5 7 8 0.80 0.90 1.00   14 5 9 11 0.60 0.75 0.90   8 5 8 9 0.90 1.00 1.00   5   13 9 10 13 0.60 0.75 0.90   10 1 2 3 0.50 0.60 0.70   1 4 6 9 0.60 0.75 0.90   12 5 6 8 0.90 1.00 1.00   5 3 4 6 0.50 0.60 0.70   7   12 5 7 8 0.90 1.00 1.00   14 5 7 10 0.60 0.75 0.90   2 4 7 8 0.80 0.90 1.00   13 5 8 12 0.60 0.75 0.90   15 4 6 8 0.80 0.90 1.00   3 9 10 14 0.60 0.75 0.90   1 1 3 4 0.60 0.75 0.90   10   9 1 2 3 0.50 0.60 0.70   2 1 2 3 0.90 1.00 1.00   3 2 4 5 0.80 0.90 1.00   12 4 6 9 0.90 1.00 1.00   15 4 6 7 0.60 0.75 0.90   14 7 10 13 0.80 0.90 1.00   5 5 8 10 0.60 0.75 0.90   10 4 5 6 0.50 0.60 0.70   11 7 8 10 0.60 0.75 0.90   13 7 8 11 0.80 0.90 1.00   5   1 7 8 10 0.50 0.60 0.70   2 7 9 11 0.90 1.00 1.00   13 1 2 3 0.60 0.75 0.90   12 5 8 12 0.90 1.00 1.00   11 6 10 11 0.80 0.90 1.00   10   11 5 6 7 0.80 0.90 1.00   9 4 6 8 0.60 0.75 0.90   6 5 7 10 0.60 0.75 0.90   7 3 4 6 0.50 0.60 0.70   3 5 8 12 0.80 0.90 1.00   14 1 3 4 0.60 0.75 0.90   13 7 8 9 0.60 0.75 0.90   10 7 8 11 0.50 0.60 0.70   12 9 10 13 0.80 0.90 1.00   4 1 3 4 0.60 0.75 0.90   15   7 1 2 3 0.60 0.75 0.90   15 6 7 9 0.60 0.75 0.90   1 1 2 3 0.60 0.75 0.90   3 4 6 9 0.80 0.90 1.00   5 4 5 7 0.50 0.60 0.70   8 4 6 8 0.90 1.00 1.00   9 4 6 8 0.50 0.60 0.70   2 4 6 7 0.80 0.90 1.00   4 1 3 4 0.80 0.90 1.00   13 7 9 13 0.60 0.75 0.90   10 7 9 10 0.50 0.60 0.70   11 7 8 11 0.80 0.90 1.00   6 1 2 3 0.80 0.90 1.00   14 3 5 7 0.80 0.90 1.00   12 6 9 11 0.80 0.90 1.00   14   2 7 9 12 0.80 0.90 1.00   4 1 4 5 0.80 0.90 1.00   7 2 4 5 0.50 0.60 0.70   11 4 6 8 0.80 0.90 1.00   14 1 3 4 0.80 0.90 1.00   13 1 3 4 0.80 0.90 1.00   9 2 4 5 0.50 0.60 0.70   8 9 10 14 0.80 0.90 1.00   15 9 10 15 0.60 0.75 0.90   10 1 4 7 0.60 0.75 0.90   6 5 7 9 0.60 0.75 0.90   5 1 3 4 0.50 0.60 0.70   12 1 3 4 0.90 1.00 1.00   3 3 5 7 0.60 0.75 0.90   15   12 3 4 5 0.90 1.00 1.00   1 8 9 12 0.50 0.60 0.70   6 1 2 3 0.60 0.75 0.90   13 4 5 7 0.80 0.90 1.00   2 1 4 7 0.90 1.00 1.00   4 1 2 3 0.80 0.90 1.00   10 3 5 7 0.60 0.75 0.90   15 7 8 11 0.60 0.75 0.90   14 2 4 5 0.60 0.75 0.90   11 1 2 3 0.60 0.75 0.90   5 1 3 5 0.60 0.75 0.90   9 1 2 3 0.50 0.60 0.70   3 5 6 8 0.80 0.90 1.00   8 1 4 5 0.80 0.90 1.00   7 3 4 5 0.60 0.75 0.90   1   1 1 2 5 0.60 0.75 0.90   10   1 5 8 9 0.60 0.75 0.90   15 3 5 6 0.60 0.75 0.90   4 4 6 9 0.60 0.75 0.90   13 1 3 4 0.80 0.90 1.00   11 1 3 4 0.60 0.75 0.90   9 1 4 7 0.60 0.75 0.90   14 6 10 14 0.60 0.75 0.90   5 1 4 7 0.50 0.60 0.70   12 7 8 12 0.90 1.00 1.00   6 2 4 6 0.60 0.75 0.90   2   4 1 3 4 0.80 0.90 1.00   10 1 3 4 0.50 0.60 0.70   4   7 4 7 9 0.50 0.60 0.70   15 5 7 9 0.80 0.90 1.00   13 5 6 8 0.60 0.75 0.90   2 1 3 4 0.80 0.90 1.00   
16   10   3 5 9 11 0.80 0.90 1.00   14 7 10 14 0.80 0.90 1.00   10 5 9 10 0.60 0.75 0.90   9 1 2 3 0.60 0.75 0.90   4 1 3 4 0.60 0.75 0.90   2 2 4 6 0.90 1.00 1.00   13 1 3 4 0.80 0.90 1.00   8 7 10 14 0.80 0.90 1.00   12 1 3 4 0.80 0.90 1.00   6 5 6 7 0.60 0.75 0.90   6   1 1 2 5 0.50 0.60 0.70   4 4 6 7 0.80 0.90 1.00   3 6 7 9 0.60 0.75 0.90   12 1 3 4 0.90 1.00 1.00   8 8 9 12 0.80 0.90 1.00   2 1 3 4 0.90 1.00 1.00   8   11 9 10 14 0.60 0.75 0.90   8 6 8 9 0.90 1.00 1.00   5 5 6 8 0.60 0.75 0.90   12 6 8 11 0.90 1.00 1.00   15 7 8 12 0.60 0.75 0.90   10 5 9 11 0.60 0.75 0.90   2 7 10 14 0.80 0.90 1.00   9 3 5 6 0.50 0.60 0.70   12   2 1 2 3 0.90 1.00 1.00   3 1 3 4 0.80 0.90 1.00   1 1 3 4 0.50 0.60 0.70   12 1 3 4 0.90 1.00 1.00   9 4 6 8 0.50 0.60 0.70   4 5 8 11 0.60 0.75 0.90   5 1 3 5 0.50 0.60 0.70   15 1 2 3 0.60 0.75 0.90   13 7 8 10 0.60 0.75 0.90   8 6 8 11 0.90 1.00 1.00   6 1 3 4 0.60 0.75 0.90   11 1 4 5 0.80 0.90 1.00   2   5 3 5 6 0.50 0.60 0.70   13 6 8 10 0.80 0.90 1.00   2   1 6 10 12 0.60 0.75 0.90   3 5 6 8 0.60 0.75 0.90   15   8 7 8 10 0.80 0.90 1.00   1 1 2 3 0.60 0.75 0.90   5 6 10 13 0.50 0.60 0.70   12 1 2 3 0.80 0.90 1.00   10 7 9 13 0.60 0.75 0.90   4 4 5 7 0.80 0.90 1.00   11 5 9 11 0.80 0.90 1.00   14 4 7 8 0.80 0.90 1.00   13 1 2 3 0.60 0.75 0.90   7 5 7 8 0.60 0.75 0.90   6 1 2 3 0.80 0.90 1.00   3 1 2 3 0.80 0.90 1.00   15 2 4 6 0.60 0.75 0.90   2 5 6 8 0.90 1.00 1.00   9 5 7 8 0.60 0.75 0.90   13   2 1 3 4 0.90 1.00 1.00   4 5 9 13 0.80 0.90 1.00   8 3 4 5 0.90 1.00 1.00   6 1 2 3 0.80 0.90 1.00   9 5 6 7 0.50 0.60 0.70   3 2 4 5 0.60 0.75 0.90   12 6 7 9 0.80 0.90 1.00   7 5 6 7 0.60 0.75 0.90   14 8 10 11 0.80 0.90 1.00   5 5 7 9 0.60 0.75 0.90   11 9 10 13 0.60 0.75 0.90   10 3 4 5 0.50 0.60 0.70   1 4 7 10 0.50 0.60 0.70   7   5 6 7 9 0.60 0.75 0.90   14 1 2 3 0.60 0.75 0.90   12 6 9 12 0.80 0.90 1.00   10 1 2 4 0.50 0.60 0.70   1 7 10 13 0.60 0.75 0.90   9 5 8 11 0.50 0.60 0.70   6 1 2 3 0.80 0.90 1.00   7   12 6 7 8 0.90 1.00 1.00   5 1 2 5 0.50 0.60 0.70   1 3 4 6 0.50 0.60 0.70   8 1 2 3 0.80 0.90 1.00   15 8 10 12 0.60 0.75 0.90   7 1 2 5 0.60 0.75 0.90   10 6 9 11 0.50 0.60 0.70   8   11 6 7 10 0.60 0.75 0.90   14 7 8 10 0.80 0.90 1.00   15 7 10 14 0.80 0.90 1.00   7 5 6 8 0.50 0.60 0.70   3 2 4 6 0.80 0.90 1.00   10 7 8 9 0.50 0.60 0.70   12 7 9 10 0.80 0.90 1.00   1 9 10 15 0.60 0.75 0.90   11   7 7 8 12 0.60 0.75 0.90   6 9 10 14 0.80 0.90 1.00   14 2 4 6 0.60 0.75 0.90   11 1 3 4 0.80 0.90 1.00   9 1 2 3 0.50 0.60 0.70   10 4 5 7 0.50 0.60 0.70   15 1 2 3 0.80 0.90 1.00   13 6 10 14 0.80 0.90 1.00   2 1 3 6 0.90 1.00 1.00   8 1 2 3 0.90 1.00 1.00   5 3 4 6 0.50 0.60 0.70   3   1 4 6 8 0.60 0.75 0.90   6 4 5 7 0.60 0.75 0.90   4 5 8 12 0.60 0.75 0.90   15   6 5 8 12 0.80 0.90 1.00   14 9 10 11 0.60 0.75 0.90   5 4 5 7 0.50 0.60 0.70   13 1 2 3 0.80 0.90 1.00   8 5 6 7 0.80 0.90 1.00   4 1 2 4 0.80 0.90 1.00   3 5 6 9 0.60 0.75 0.90   12 6 7 10 0.80 0.90 1.00   9 4 6 7 0.60 0.75 0.90   7 6 7 8 0.50 0.60 0.70   1 6 8 10 0.50 0.60 0.70   10 4 7 9 0.50 0.60 0.70   11 5 9 11 0.80 0.90 1.00   15 9 10 12 0.80 0.90 1.00   2 1 3 4 0.90 1.00 1.00   8   4 1 2 3 0.60 0.75 0.90   15 7 8 10 0.60 0.75 0.90   10 6 8 10 0.60 0.75 0.90   2 2 4 5 0.80 0.90 1.00   11 1 3 4 0.80 0.90 1.00   1 1 3 4 0.60 0.75 0.90   13 4 7 9 0.80 0.90 1.00   3 4 7 9 0.60 0.75 0.90   3   7 1 3 4 0.60 0.75 0.90   9 1 3 4 0.60 0.75 0.90   15 1 3 4 0.80 0.90 1.00   
20   4   5 8 9 11 0.50 0.60 0.70   8 5 9 12 0.80 0.90 1.00   6 2 4 5 0.60 0.75 0.90   4 1 3 4 0.60 0.75 0.90   14   11 3 4 6 0.60 0.75 0.90   15 9 10 11 0.60 0.75 0.90   9 1 2 3 0.60 0.75 0.90   13 3 5 6 0.80 0.90 1.00   3 5 6 8 0.60 0.75 0.90   10 1 2 3 0.50 0.60 0.70   2 4 6 8 0.90 1.00 1.00   7 1 3 4 0.60 0.75 0.90   8 1 2 5 0.80 0.90 1.00   6 1 3 4 0.60 0.75 0.90   4 9 10 11 0.80 0.90 1.00   5 4 5 6 0.50 0.60 0.70   14 2 4 5 0.60 0.75 0.90   12 2 4 5 0.80 0.90 1.00   1   13 1 3 4 0.80 0.90 1.00   10   5 3 5 7 0.50 0.60 0.70   14 5 6 7 0.80 0.90 1.00   4 1 3 4 0.60 0.75 0.90   10 6 8 9 0.50 0.60 0.70   1 3 5 6 0.50 0.60 0.70   11 3 5 7 0.60 0.75 0.90   9 3 4 6 0.60 0.75 0.90   2 1 2 3 0.90 1.00 1.00   6 4 6 9 0.60 0.75 0.90   8 4 5 7 0.80 0.90 1.00   11   11 5 7 9 0.60 0.75 0.90   12 9 10 14 0.90 1.00 1.00   8 2 4 5 0.80 0.90 1.00   13 1 2 3 0.60 0.75 0.90   15 6 10 14 0.80 0.90 1.00   6 5 9 13 0.80 0.90 1.00   9 3 4 5 0.50 0.60 0.70   10 1 3 4 0.60 0.75 0.90   5 5 8 10 0.50 0.60 0.70   14 1 3 4 0.80 0.90 1.00   4 6 7 8 0.60 0.75 0.90   7   13 6 7 8 0.80 0.90 1.00   6 5 9 11 0.80 0.90 1.00   15 1 2 3 0.80 0.90 1.00   5 6 10 14 0.50 0.60 0.70   2 6 9 12 0.90 1.00 1.00   10 3 5 6 0.50 0.60 0.70   9 4 7 10 0.60 0.75 0.90   5   9 4 5 6 0.60 0.75 0.90   14 5 8 11 0.60 0.75 0.90   5 3 4 5 0.60 0.75 0.90   7 1 2 3 0.60 0.75 0.90   4 1 2 3 0.60 0.75 0.90   7   2 1 3 4 0.80 0.90 1.00   1 5 7 10 0.60 0.75 0.90   5 8 10 12 0.50 0.60 0.70   12 6 9 11 0.80 0.90 1.00   15 7 8 11 0.60 0.75 0.90   8 4 5 7 0.90 1.00 1.00   9 9 10 11 0.60 0.75 0.90   2   7 6 8 12 0.50 0.60 0.70   9 7 8 10 0.50 0.60 0.70   14   2 6 8 11 0.80 0.90 1.00   1 4 5 6 0.50 0.60 0.70   5 1 4 6 0.50 0.60 0.70   12 6 10 14 0.90 1.00 1.00   4 5 7 10 0.80 0.90 1.00   10 1 3 4 0.60 0.75 0.90   11 6 8 11 0.80 0.90 1.00   6 5 6 7 0.80 0.90 1.00   13 6 8 11 0.60 0.75 0.90   7 5 6 7 0.50 0.60 0.70   15 4 6 9 0.60 0.75 0.90   9 4 7 8 0.50 0.60 0.70   14 6 10 14 0.60 0.75 0.90   8 5 7 10 0.80 0.90 1.00   3   15 9 10 12 0.60 0.75 0.90   1 7 8 11 0.60 0.75 0.90   11 1 3 4 0.60 0.75 0.90   13   8 1 3 4 0.90 1.00 1.00   1 3 5 6 0.50 0.60 0.70   3 3 5 7 0.80 0.90 1.00   15 7 9 13 0.80 0.90 1.00   12 4 5 7 0.80 0.90 1.00   4 7 8 11 0.60 0.75 0.90   13 1 2 4 0.60 0.75 0.90   2 3 4 5 0.80 0.90 1.00   14 4 6 7 0.80 0.90 1.00   7 1 2 3 0.60 0.75 0.90   9 5 7 8 0.50 0.60 0.70   5 7 9 13 0.50 0.60 0.70   6 2 4 6 0.60 0.75 0.90   2   1 4 5 7 0.60 0.75 0.90   5 7 8 11 0.50 0.60 0.70   8   11 1 3 5 0.80 0.90 1.00   7 1 3 4 0.50 0.60 0.70   3 5 6 8 0.60 0.75 0.90   8 4 5 6 0.90 1.00 1.00   14 5 8 9 0.60 0.75 0.90   15 7 8 9 0.80 0.90 1.00   5 6 7 10 0.50 0.60 0.70   13 5 7 9 0.80 0.90 1.00   4   9 3 4 5 0.60 0.75 0.90   1 6 10 12 0.50 0.60 0.70   8 2 4 6 0.90 1.00 1.00   6 7 8 9 0.60 0.75 0.90   1   2 6 7 8 0.90 1.00 1.00   7   8 5 7 9 0.90 1.00 1.00   14 4 6 9 0.80 0.90 1.00   13 5 6 7 0.80 0.90 1.00   6 5 6 7 0.60 0.75 0.90   1 5 7 9 0.60 0.75 0.90   12 5 7 8 0.80 0.90 1.00   9 3 5 6 0.50 0.60 0.70   1   4 3 5 6 0.60 0.75 0.90   15   10 3 5 7 0.50 0.60 0.70   14 4 5 7 0.80 0.90 1.00   13 6 7 10 0.80 0.90 1.00   9 3 5 7 0.50 0.60 0.70   6 3 5 6 0.80 0.90 1.00   11 9 10 11 0.60 0.75 0.90   12 1 2 3 0.80 0.90 1.00   1 6 7 9 0.50 0.60 0.70   5 6 9 13 0.60 0.75 0.90   3 5 6 7 0.80 0.90 1.00   15 1 2 3 0.80 0.90 1.00   4 9 10 11 0.60 0.75 0.90   7 7 9 12 0.60 0.75 0.90   8 5 6 7 0.80 0.90 1.00   2 7 8 11 0.90 1.00 1.00   12   10 9 10 11 0.60 0.75 0.90   6 6 8 9 0.60 0.75 0.90   3 3 5 6 0.60 0.75 0.90   2 1 2 3 0.80 0.90 1.00   11 4 5 6 0.60 0.75 0.90   8 5 7 9 0.90 1.00 1.00   13 1 2 3 0.60 0.75 0.90   12 6 7 9 0.80 0.90 1.00   7 7 9 13 0.50 0.60 0.70   9 5 7 8 0.60 0.75 0.90   5 2 4 5 0.60 0.75 0.90   4 8 10 11 0.80 0.90 1.00   
19   3   4 4 5 7 0.60 0.75 0.90   5 3 5 6 0.50 0.60 0.70   12 7 10 15 0.80 0.90 1.00   7   6 1 2 3 0.80 0.90 1.00   7 7 8 11 0.50 0.60 0.70   13 2 4 5 0.80 0.90 1.00   5 1 2 3 0.60 0.75 0.90   12 1 4 5 0.90 1.00 1.00   1 6 7 9 0.60 0.75 0.90   11 8 9 13 0.60 0.75 0.90   13   5 1 3 4 0.60 0.75 0.90   9 7 10 11 0.50 0.60 0.70   14 1 2 3 0.60 0.75 0.90   8 1 4 7 0.80 0.90 1.00   15 6 7 8 0.80 0.90 1.00   4 1 3 4 0.80 0.90 1.00   10 1 2 3 0.50 0.60 0.70   12 8 9 11 0.80 0.90 1.00   2 1 2 3 0.80 0.90 1.00   3 3 4 5 0.60 0.75 0.90   7 2 4 5 0.50 0.60 0.70   13 5 9 13 0.60 0.75 0.90   6 6 9 12 0.60 0.75 0.90   12   5 3 4 5 0.60 0.75 0.90   4 3 4 5 0.60 0.75 0.90   12 1 3 4 0.80 0.90 1.00   14 1 3 5 0.60 0.75 0.90   1 1 3 4 0.50 0.60 0.70   2 3 5 7 0.90 1.00 1.00   9 7 8 9 0.60 0.75 0.90   13 1 2 4 0.80 0.90 1.00   6 1 2 3 0.60 0.75 0.90   7 3 4 6 0.50 0.60 0.70   11 8 9 12 0.80 0.90 1.00   3 1 2 3 0.80 0.90 1.00   3   5 6 9 12 0.50 0.60 0.70   2 6 8 10 0.90 1.00 1.00   8 5 6 7 0.80 0.90 1.00   15   3 4 5 6 0.60 0.75 0.90   6 4 7 9 0.60 0.75 0.90   15 2 4 6 0.60 0.75 0.90   9 5 6 7 0.60 0.75 0.90   1 1 2 3 0.50 0.60 0.70   14 6 8 11 0.80 0.90 1.00   11 2 4 6 0.60 0.75 0.90   13 3 5 6 0.60 0.75 0.90   7 3 5 7 0.50 0.60 0.70   8 6 10 12 0.90 1.00 1.00   5 1 2 3 0.50 0.60 0.70   4 9 10 13 0.80 0.90 1.00   10 1 2 3 0.50 0.60 0.70   12 1 4 6 0.80 0.90 1.00   2 1 2 3 0.90 1.00 1.00   6   9 5 9 11 0.50 0.60 0.70   14 1 2 5 0.60 0.75 0.90   7 5 7 8 0.50 0.60 0.70   15 6 9 12 0.80 0.90 1.00   11 7 8 11 0.60 0.75 0.90   3 5 7 10 0.60 0.75 0.90   11   8 1 4 7 0.90 1.00 1.00   1 5 6 8 0.50 0.60 0.70   13 7 8 11 0.60 0.75 0.90   12 1 4 6 0.80 0.90 1.00   3 3 4 5 0.60 0.75 0.90   15 8 10 14 0.80 0.90 1.00   11 1 2 5 0.80 0.90 1.00   2 1 2 3 0.90 1.00 1.00   6 3 5 7 0.80 0.90 1.00   7 6 9 12 0.60 0.75 0.90   10 6 8 9 0.60 0.75 0.90   14   10 1 3 6 0.60 0.75 0.90   7 1 3 4 0.50 0.60 0.70   13 5 6 8 0.60 0.75 0.90   9 5 6 8 0.60 0.75 0.90   5 3 5 6 0.50 0.60 0.70   1 1 4 5 0.50 0.60 0.70   11 5 8 12 0.60 0.75 0.90   14 5 8 10 0.60 0.75 0.90   15 1 2 3 0.80 0.90 1.00   4 6 7 8 0.80 0.90 1.00   6 1 2 5 0.60 0.75 0.90   12 1 4 5 0.90 1.00 1.00   3 4 6 7 0.60 0.75 0.90   8 1 3 4 0.80 0.90 1.00   6   15 5 9 11 0.60 0.75 0.90   8 2 4 5 0.90 1.00 1.00   2 5 6 8 0.90 1.00 1.00   6 7 8 11 0.60 0.75 0.90   4 7 8 10 0.60 0.75 0.90   10 6 9 11 0.60 0.75 0.90   7   7 5 6 7 0.60 0.75 0.90   5 6 8 9 0.60 0.75 0.90   3 5 9 11 0.80 0.90 1.00   14 6 7 9 0.80 0.90 1.00   13 1 2 3 0.60 0.75 0.90   11 1 3 4 0.60 0.75 0.90   6 3 4 5 0.80 0.90 1.00   13   6 1 2 3 0.60 0.75 0.90   13 1 3 4 0.60 0.75 0.90   8 1 2 3 0.90 1.00 1.00   5 2 4 6 0.60 0.75 0.90   11 1 3 4 0.80 0.90 1.00   10 2 4 5 0.60 0.75 0.90   1 7 8 11 0.60 0.75 0.90   3 7 8 12 0.60 0.75 0.90   2 3 4 5 0.90 1.00 1.00   15 1 2 3 0.80 0.90 1.00   9 6 8 12 0.50 0.60 0.70   12 7 9 12 0.90 1.00 1.00   14 3 5 6 0.80 0.90 1.00   7   10 7 8 9 0.50 0.60 0.70   8 5 6 7 0.80 0.90 1.00   1 1 3 4 0.60 0.75 0.90   6 5 6 7 0.80 0.90 1.00   11 6 7 9 0.80 0.90 1.00   2 7 8 12 0.80 0.90 1.00   7 9 10 11 0.50 0.60 0.70   5   3 2 4 5 0.60 0.75 0.90   15 6 7 8 0.80 0.90 1.00   4 4 5 6 0.60 0.75 0.90   12 4 7 10 0.80 0.90 1.00   5 5 6 7 0.50 0.60 0.70   12   15 5 8 12 0.60 0.75 0.90   11 6 8 9 0.80 0.90 1.00   5 6 8 11 0.60 0.75 0.90   2 7 8 12 0.80 0.90 1.00   6 4 5 6 0.80 0.90 1.00   14 8 9 12 0.80 0.90 1.00   3 6 10 12 0.80 0.90 1.00   8 1 2 3 0.90 1.00 1.00   7 7 8 9 0.60 0.75 0.90   10 1 3 4 0.60 0.75 0.90   4 1 2 3 0.60 0.75 0.90   9 4 5 7 0.50 0.60 0.70   8   6 4 6 7 0.80 0.90 1.00   14 7 8 11 0.60 0.75 0.90   13 6 9 12 0.60 0.75 0.90   15 5 6 8 0.60 0.75 0.90   11 9 10 15 0.80 0.90 1.00   9 7 8 10 0.60 0.75 0.90   7 1 2 4 0.50 0.60 0.70   10 5 9 12 0.60 0.75 0.90   12   9 5 6 8 0.50 0.60 0.70   15 2 4 5 0.80 0.90 1.00   1 7 8 9 0.60 0.75 0.90   12 6 7 10 0.90 1.00 1.00   11 9 10 15 0.60 0.75 0.90   7 8 10 13 0.60 0.75 0.90   14 1 3 4 0.60 0.75 0.90   10 2 4 5 0.50 0.60 0.70   5 6 10 13 0.60 0.75 0.90   6 1 2 3 0.80 0.90 1.00   8 7 8 12 0.80 0.90 1.00   13 6 7 9 0.80 0.90 1.00   5   6 7 10 14 0.80 0.90 1.00   10 5 6 8 0.50 0.60 0.70   12 5 9 11 0.90 1.00 1.00   15 7 8 12 0.60 0.75 0.90   1 6 9 10 0.50 0.60 0.70   13   7 8 9 10 0.50 0.60 0.70   13 3 5 7 0.80 0.90 1.00   4 1 3 4 0.60 0.75 0.90   9 1 2 5 0.50 0.60 0.70   6 2 4 6 0.60 0.75 0.90   10 4 6 7 0.60 0.75 0.90   12 7 9 11 0.80 0.90 1.00   8 5 9 11 0.80 0.90 1.00   15 5 7 9 0.60 0.75 0.90   11 1 2 3 0.60 0.75 0.90   14 3 4 5 0.60 0.75 0.90   3 5 9 10 0.60 0.75 0.90   5 2 4 5 0.60 0.75 0.90   
17   13   3 3 5 7 0.80 0.90 1.00   14 1 3 4 0.80 0.90 1.00   5 7 9 13 0.60 0.75 0.90   9 7 9 13 0.60 0.75 0.90   1 1 2 3 0.50 0.60 0.70   7 5 6 8 0.60 0.75 0.90   6 4 6 7 0.60 0.75 0.90   15 6 10 11 0.60 0.75 0.90   13 1 3 6 0.80 0.90 1.00   8 4 7 8 0.80 0.90 1.00   12 3 4 6 0.80 0.90 1.00   4 2 4 5 0.60 0.75 0.90   11 1 3 4 0.60 0.75 0.90   3   2 5 6 9 0.80 0.90 1.00   12 2 4 5 0.80 0.90 1.00   13 1 3 6 0.80 0.90 1.00   3   1 9 10 12 0.60 0.75 0.90   14 5 6 8 0.60 0.75 0.90   12 3 5 7 0.90 1.00 1.00   5   1 4 5 6 0.60 0.75 0.90   15 1 2 5 0.60 0.75 0.90   7 5 9 10 0.50 0.60 0.70   5 4 6 7 0.60 0.75 0.90   10 4 7 9 0.60 0.75 0.90   4   9 1 3 4 0.50 0.60 0.70   11 4 7 8 0.80 0.90 1.00   14 6 8 11 0.60 0.75 0.90   12 1 4 6 0.80 0.90 1.00   13   5 6 7 8 0.60 0.75 0.90   7 4 5 6 0.60 0.75 0.90   15 1 2 3 0.80 0.90 1.00   6 3 4 5 0.80 0.90 1.00   2 9 10 11 0.90 1.00 1.00   10 6 7 8 0.60 0.75 0.90   12 5 9 13 0.80 0.90 1.00   8 1 4 5 0.80 0.90 1.00   4 1 4 6 0.80 0.90 1.00   9 1 3 4 0.50 0.60 0.70   14 2 4 6 0.80 0.90 1.00   3 2 4 5 0.60 0.75 0.90   13 2 4 6 0.60 0.75 0.90   3   8 5 6 7 0.80 0.90 1.00   14 5 6 8 0.80 0.90 1.00   6 1 2 3 0.60 0.75 0.90   6   2 1 3 6 0.80 0.90 1.00   1 5 6 7 0.60 0.75 0.90   10 6 7 10 0.50 0.60 0.70   12 2 4 6 0.90 1.00 1.00   11 2 4 5 0.80 0.90 1.00   9 9 10 12 0.60 0.75 0.90   12   7 3 4 6 0.50 0.60 0.70   14 1 3 4 0.80 0.90 1.00   15 1 2 3 0.80 0.90 1.00   12 1 4 7 0.90 1.00 1.00   11 7 8 10 0.60 0.75 0.90   8 2 4 6 0.90 1.00 1.00   9 2 4 5 0.50 0.60 0.70   4 8 10 15 0.60 0.75 0.90   10 5 9 11 0.60 0.75 0.90   1 5 7 10 0.60 0.75 0.90   2 8 10 13 0.90 1.00 1.00   3 3 5 7 0.80 0.90 1.00   13   12 5 8 10 0.80 0.90 1.00   9 2 4 6 0.60 0.75 0.90   1 1 2 4 0.50 0.60 0.70   2 1 2 3 0.80 0.90 1.00   8 1 3 6 0.80 0.90 1.00   3 1 2 4 0.60 0.75 0.90   15 1 3 4 0.60 0.75 0.90   6 9 10 15 0.60 0.75 0.90   14 9 10 14 0.80 0.90 1.00   5 6 10 12 0.50 0.60 0.70   10 3 5 7 0.60 0.75 0.90   4 1 3 4 0.60 0.75 0.90   13 3 5 6 0.80 0.90 1.00   15   10 6 9 11 0.60 0.75 0.90   11 5 7 10 0.80 0.90 1.00   12 1 2 5 0.90 1.00 1.00   14 1 4 7 0.60 0.75 0.90   4 5 7 10 0.80 0.90 1.00   9 1 3 4 0.50 0.60 0.70   7 3 5 7 0.50 0.60 0.70   1 9 10 13 0.50 0.60 0.70   15 9 10 12 0.60 0.75 0.90   13 5 6 9 0.80 0.90 1.00   2 9 10 11 0.80 0.90 1.00   6 7 10 13 0.80 0.90 1.00   3 5 6 9 0.80 0.90 1.00   5 7 9 12 0.50 0.60 0.70   8 1 2 3 0.80 0.90 1.00   6   4 2 4 5 0.60 0.75 0.90   9 1 2 3 0.50 0.60 0.70   2 5 8 12 0.80 0.90 1.00   15 1 2 5 0.80 0.90 1.00   5 6 7 8 0.50 0.60 0.70   14 5 6 8 0.60 0.75 0.90   10   11 6 9 13 0.60 0.75 0.90   6 1 4 7 0.60 0.75 0.90   9 1 3 4 0.50 0.60 0.70   3 5 6 8 0.60 0.75 0.90   2 9 10 11 0.90 1.00 1.00   10 4 7 9 0.50 0.60 0.70   7 5 9 11 0.60 0.75 0.90   1 1 3 4 0.50 0.60 0.70   13 1 3 4 0.60 0.75 0.90   14 1 2 3 0.80 0.90 1.00   13   12 7 10 11 0.90 1.00 1.00   8 5 9 13 0.80 0.90 1.00   11 1 3 4 0.60 0.75 0.90   10 8 9 11 0.60 0.75 0.90   7 1 3 4 0.50 0.60 0.70   5 5 6 8 0.50 0.60 0.70   9 5 8 10 0.50 0.60 0.70   6 4 7 10 0.60 0.75 0.90   14 1 4 5 0.60 0.75 0.90   2 3 5 7 0.90 1.00 1.00   15 3 4 5 0.80 0.90 1.00   4 1 2 5 0.80 0.90 1.00   13 4 5 7 0.60 0.75 0.90   10   6 2 4 5 0.60 0.75 0.90   14 1 4 5 0.60 0.75 0.90   7 1 2 3 0.50 0.60 0.70   2 1 2 3 0.90 1.00 1.00   5 1 3 4 0.50 0.60 0.70   15 1 3 4 0.60 0.75 0.90   4 1 3 4 0.80 0.90 1.00   13 4 6 8 0.60 0.75 0.90   9 8 9 11 0.60 0.75 0.90   10 1 2 3 0.60 0.75 0.90   11   14 1 3 5 0.80 0.90 1.00   12 8 9 12 0.90 1.00 1.00   8 4 7 8 0.90 1.00 1.00   10 1 2 3 0.60 0.75 0.90   11 7 9 10 0.80 0.90 1.00   1 6 10 12 0.50 0.60 0.70   4 9 10 12 0.60 0.75 0.90   9 2 4 6 0.50 0.60 0.70   15 5 6 7 0.60 0.75 0.90   6 7 8 10 0.80 0.90 1.00   5 6 10 14 0.60 0.75 0.90   13   3 6 10 14 0.60 0.75 0.90   11 2 4 5 0.60 0.75 0.90   5 5 8 11 0.50 0.60 0.70   2 6 9 10 0.80 0.90 1.00   14 5 6 7 0.80 0.90 1.00   8 2 4 6 0.80 0.90 1.00   9 1 4 5 0.60 0.75 0.90   6 6 7 9 0.60 0.75 0.90   7 5 6 9 0.60 0.75 0.90   13 1 3 4 0.60 0.75 0.90   4 1 3 4 0.80 0.90 1.00   10 5 8 11 0.60 0.75 0.90   12 5 9 12 0.80 0.90 1.00   
19   13   10 2 4 5 0.60 0.75 0.90   5 3 5 6 0.50 0.60 0.70   13 1 3 4 0.60 0.75 0.90   6 6 10 12 0.80 0.90 1.00   3 3 4 5 0.80 0.90 1.00   1 1 3 4 0.60 0.75 0.90   9 5 6 8 0.60 0.75 0.90   8 4 5 7 0.80 0.90 1.00   12 1 3 4 0.90 1.00 1.00   11 3 5 6 0.60 0.75 0.90   7 1 4 6 0.50 0.60 0.70   4 1 2 3 0.80 0.90 1.00   15 1 3 4 0.60 0.75 0.90   13   2 5 6 9 0.80 0.90 1.00   11 2 4 5 0.80 0.90 1.00   14 3 5 6 0.60 0.75 0.90   12 4 7 9 0.80 0.90 1.00   13 9 10 14 0.80 0.90 1.00   10 5 6 9 0.50 0.60 0.70   9 1 2 3 0.50 0.60 0.70   3 1 2 3 0.60 0.75 0.90   7 7 8 11 0.50 0.60 0.70   8 4 5 6 0.80 0.90 1.00   6 7 10 14 0.80 0.90 1.00   4 3 5 6 0.60 0.75 0.90   15 3 4 6 0.60 0.75 0.90   8   1 7 8 10 0.50 0.60 0.70   15 1 3 4 0.80 0.90 1.00   12 1 2 3 0.90 1.00 1.00   10 6 7 9 0.60 0.75 0.90   11 7 10 12 0.80 0.90 1.00   8 1 3 4 0.90 1.00 1.00   3 7 9 11 0.80 0.90 1.00   6 8 10 12 0.80 0.90 1.00   7   9 1 2 3 0.60 0.75 0.90   8 4 6 9 0.90 1.00 1.00   3 1 3 4 0.80 0.90 1.00   1 3 4 6 0.60 0.75 0.90   11 4 6 8 0.60 0.75 0.90   10 3 4 5 0.60 0.75 0.90   7 5 6 8 0.50 0.60 0.70   13   5 8 10 11 0.60 0.75 0.90   12 6 8 11 0.80 0.90 1.00   2 4 7 8 0.80 0.90 1.00   4 1 3 5 0.60 0.75 0.90   11 7 8 12 0.80 0.90 1.00   14 4 6 9 0.60 0.75 0.90   15 9 10 14 0.60 0.75 0.90   8 6 10 11 0.90 1.00 1.00   7 8 9 10 0.50 0.60 0.70   6 3 4 5 0.60 0.75 0.90   10 1 2 3 0.60 0.75 0.90   13 3 5 7 0.80 0.90 1.00   3 4 7 10 0.80 0.90 1.00   11   8 1 2 3 0.90 1.00 1.00   14 8 9 10 0.80 0.90 1.00   13 5 6 8 0.80 0.90 1.00   3 9 10 11 0.80 0.90 1.00   11 5 6 9 0.80 0.90 1.00   9 4 7 8 0.50 0.60 0.70   12 4 7 9 0.80 0.90 1.00   15 5 7 9 0.60 0.75 0.90   10 6 10 11 0.60 0.75 0.90   1 8 9 12 0.50 0.60 0.70   6 3 4 6 0.80 0.90 1.00   15   6 3 4 5 0.80 0.90 1.00   5 4 7 10 0.60 0.75 0.90   3 7 9 13 0.60 0.75 0.90   7 1 3 4 0.60 0.75 0.90   15 2 4 6 0.60 0.75 0.90   9 5 9 12 0.60 0.75 0.90   14 9 10 15 0.80 0.90 1.00   8 5 6 7 0.90 1.00 1.00   2 4 6 7 0.80 0.90 1.00   12 8 10 11 0.90 1.00 1.00   4 1 3 4 0.80 0.90 1.00   10 6 8 11 0.50 0.60 0.70   11 1 3 4 0.60 0.75 0.90   1 8 10 13 0.60 0.75 0.90   13 1 2 3 0.60 0.75 0.90   3   5 1 2 4 0.60 0.75 0.90   14 2 4 6 0.60 0.75 0.90   3 5 6 8 0.60 0.75 0.90   3   7 1 3 4 0.60 0.75 0.90   11 1 3 4 0.60 0.75 0.90   1 5 9 11 0.50 0.60 0.70   9   10 5 9 11 0.60 0.75 0.90   14 5 9 11 0.60 0.75 0.90   13 3 5 6 0.80 0.90 1.00   4 1 3 4 0.80 0.90 1.00   7 1 3 4 0.50 0.60 0.70   9 9 10 13 0.50 0.60 0.70   15 3 4 5 0.80 0.90 1.00   12 1 3 4 0.90 1.00 1.00   11 6 8 9 0.80 0.90 1.00   10   9 2 4 5 0.50 0.60 0.70   4 1 2 3 0.60 0.75 0.90   15 5 8 12 0.60 0.75 0.90   2 7 9 11 0.80 0.90 1.00   11 1 3 4 0.60 0.75 0.90   14 4 7 10 0.80 0.90 1.00   5 1 2 3 0.60 0.75 0.90   1 3 4 6 0.60 0.75 0.90   10 1 2 3 0.50 0.60 0.70   8 4 6 9 0.80 0.90 1.00   1   4 8 10 13 0.80 0.90 1.00   7   1 1 2 3 0.50 0.60 0.70   12 1 3 4 0.90 1.00 1.00   13 7 10 12 0.60 0.75 0.90   9 3 5 6 0.60 0.75 0.90   7 6 8 10 0.60 0.75 0.90   15 9 10 13 0.60 0.75 0.90   3 3 5 6 0.60 0.75 0.90   5   5 4 5 6 0.60 0.75 0.90   12 2 4 5 0.90 1.00 1.00   1 3 4 6 0.50 0.60 0.70   2 4 7 9 0.90 1.00 1.00   4 6 7 10 0.60 0.75 0.90   7   8 3 4 5 0.80 0.90 1.00   10 3 5 7 0.60 0.75 0.90   13 4 5 7 0.60 0.75 0.90   5 1 4 6 0.50 0.60 0.70   1 9 10 11 0.60 0.75 0.90   14 4 7 8 0.80 0.90 1.00   12 9 10 14 0.90 1.00 1.00   15   12 4 5 7 0.90 1.00 1.00   3 8 9 13 0.60 0.75 0.90   1 8 9 10 0.60 0.75 0.90   14 7 9 11 0.80 0.90 1.00   5 4 6 9 0.50 0.60 0.70   10 1 3 4 0.50 0.60 0.70   6 1 3 4 0.80 0.90 1.00   8 1 3 4 0.80 0.90 1.00   7 1 2 3 0.50 0.60 0.70   4 2 4 6 0.60 0.75 0.90   15 2 4 6 0.60 0.75 0.90   2 6 8 9 0.80 0.90 1.00   11 8 10 12 0.80 0.90 1.00   13 6 8 12 0.80 0.90 1.00   9 7 9 10 0.60 0.75 0.90   2   13 4 5 6 0.60 0.75 0.90   10 5 8 9 0.60 0.75 0.90   15   12 6 7 10 0.90 1.00 1.00   11 8 10 14 0.80 0.90 1.00   13 4 5 6 0.60 0.75 0.90   1 1 4 7 0.50 0.60 0.70   10 6 7 8 0.50 0.60 0.70   5 6 7 10 0.60 0.75 0.90   4 1 3 4 0.60 0.75 0.90   9 1 2 3 0.60 0.75 0.90   14 1 3 4 0.80 0.90 1.00   7 7 9 12 0.50 0.60 0.70   8 7 10 12 0.90 1.00 1.00   15 3 4 6 0.60 0.75 0.90   2 4 6 9 0.90 1.00 1.00   3 1 2 3 0.60 0.75 0.90   6 2 4 5 0.80 0.90 1.00   2   14 6 9 12 0.80 0.90 1.00   3 1 2 4 0.60 0.75 0.90   
17   12   3 4 6 7 0.80 0.90 1.00   14 1 2 3 0.80 0.90 1.00   4 5 6 8 0.80 0.90 1.00   7 1 4 7 0.60 0.75 0.90   13 2 4 5 0.60 0.75 0.90   15 6 7 9 0.60 0.75 0.90   12 8 9 11 0.80 0.90 1.00   9 8 9 11 0.60 0.75 0.90   6 4 5 7 0.80 0.90 1.00   2 1 3 4 0.80 0.90 1.00   5 9 10 15 0.60 0.75 0.90   10 6 9 10 0.60 0.75 0.90   6   3 7 9 11 0.60 0.75 0.90   4 1 2 3 0.60 0.75 0.90   6 1 2 3 0.60 0.75 0.90   5 5 6 8 0.50 0.60 0.70   9 1 3 4 0.50 0.60 0.70   15 1 3 4 0.60 0.75 0.90   9   6 5 6 8 0.60 0.75 0.90   4 1 2 3 0.60 0.75 0.90   8 5 7 9 0.90 1.00 1.00   1 1 2 3 0.60 0.75 0.90   11 5 6 8 0.80 0.90 1.00   15 6 10 11 0.60 0.75 0.90   5 1 3 4 0.60 0.75 0.90   7 5 6 8 0.60 0.75 0.90   9 5 8 11 0.60 0.75 0.90   10   15 3 5 6 0.80 0.90 1.00   5 1 2 3 0.60 0.75 0.90   13 6 8 10 0.60 0.75 0.90   11 7 8 9 0.80 0.90 1.00   3 3 4 5 0.80 0.90 1.00   6 4 5 6 0.80 0.90 1.00   9 1 2 3 0.50 0.60 0.70   8 4 5 6 0.90 1.00 1.00   12 1 4 6 0.90 1.00 1.00   10 5 8 9 0.50 0.60 0.70   15   1 2 4 6 0.60 0.75 0.90   7 1 4 7 0.60 0.75 0.90   12 5 6 9 0.80 0.90 1.00   9 4 7 9 0.50 0.60 0.70   13 5 9 12 0.60 0.75 0.90   2 1 3 6 0.90 1.00 1.00   8 1 3 5 0.90 1.00 1.00   5 6 9 12 0.50 0.60 0.70   3 4 7 9 0.80 0.90 1.00   6 6 8 10 0.80 0.90 1.00   10 2 4 5 0.50 0.60 0.70   4 3 4 5 0.80 0.90 1.00   14 6 7 10 0.80 0.90 1.00   11 5 9 10 0.80 0.90 1.00   15 1 3 4 0.60 0.75 0.90   10   7 1 2 5 0.50 0.60 0.70   13 1 3 4 0.80 0.90 1.00   8 4 5 6 0.90 1.00 1.00   5 7 10 15 0.50 0.60 0.70   10 9 10 11 0.50 0.60 0.70   11 5 6 8 0.60 0.75 0.90   9 1 2 3 0.50 0.60 0.70   2 6 10 13 0.80 0.90 1.00   4 3 5 7 0.80 0.90 1.00   12 1 3 4 0.80 0.90 1.00   13   8 1 2 5 0.90 1.00 1.00   9 1 2 3 0.50 0.60 0.70   6 5 7 9 0.80 0.90 1.00   15 1 3 4 0.80 0.90 1.00   2 3 4 6 0.80 0.90 1.00   3 7 8 10 0.80 0.90 1.00   7 6 7 9 0.50 0.60 0.70   11 1 3 4 0.80 0.90 1.00   14 4 6 7 0.80 0.90 1.00   12 4 6 8 0.90 1.00 1.00   5 7 9 12 0.60 0.75 0.90   4 1 3 5 0.60 0.75 0.90   13 9 10 14 0.80 0.90 1.00   5   10 7 9 12 0.50 0.60 0.70   8 4 6 7 0.90 1.00 1.00   2 1 3 4 0.90 1.00 1.00   11 7 8 10 0.80 0.90 1.00   5 5 7 10 0.60 0.75 0.90   7   2 1 3 4 0.90 1.00 1.00   11 1 3 4 0.60 0.75 0.90   14 1 3 4 0.80 0.90 1.00   12 3 5 6 0.80 0.90 1.00   3 4 6 9 0.80 0.90 1.00   5 1 2 3 0.60 0.75 0.90   10 5 6 7 0.60 0.75 0.90   6   1 4 5 6 0.50 0.60 0.70   13 3 4 5 0.80 0.90 1.00   10 2 4 5 0.60 0.75 0.90   7 1 2 3 0.50 0.60 0.70   2 9 10 14 0.80 0.90 1.00   5 7 9 10 0.50 0.60 0.70   7   6 1 2 4 0.80 0.90 1.00   12 4 6 7 0.90 1.00 1.00   1 1 3 4 0.60 0.75 0.90   15 1 2 3 0.60 0.75 0.90   3 1 3 5 0.80 0.90 1.00   8 8 10 13 0.80 0.90 1.00   10 4 5 6 0.50 0.60 0.70   15   7 5 6 8 0.60 0.75 0.90   13 1 2 3 0.80 0.90 1.00   12 5 9 10 0.80 0.90 1.00   3 9 10 14 0.60 0.75 0.90   11 3 5 6 0.60 0.75 0.90   10 4 5 6 0.50 0.60 0.70   8 6 8 10 0.80 0.90 1.00   6 8 9 10 0.60 0.75 0.90   14 3 4 5 0.60 0.75 0.90   15 2 4 5 0.60 0.75 0.90   5 6 7 9 0.60 0.75 0.90   9 1 3 4 0.60 0.75 0.90   4 8 9 13 0.60 0.75 0.90   1 4 5 7 0.60 0.75 0.90   2 6 8 9 0.90 1.00 1.00   3   2 1 3 4 0.80 0.90 1.00   6 1 4 6 0.80 0.90 1.00   13 1 3 4 0.80 0.90 1.00   1   12 1 2 3 0.80 0.90 1.00   10   10 5 6 7 0.60 0.75 0.90   6 5 9 10 0.60 0.75 0.90   13 5 7 10 0.60 0.75 0.90   8 1 3 4 0.90 1.00 1.00   9 3 5 7 0.50 0.60 0.70   15 3 5 6 0.80 0.90 1.00   3 5 8 9 0.80 0.90 1.00   14 2 4 5 0.80 0.90 1.00   2 7 10 11 0.90 1.00 1.00   7 4 6 7 0.60 0.75 0.90   3   5 1 2 3 0.50 0.60 0.70   12 1 2 3 0.90 1.00 1.00   14 4 6 9 0.80 0.90 1.00   7   1 8 10 11 0.60 0.75 0.90   2 8 10 13 0.90 1.00 1.00   6 1 2 3 0.60 0.75 0.90   5 7 9 12 0.60 0.75 0.90   11 1 3 6 0.60 0.75 0.90   7 3 5 7 0.60 0.75 0.90   12 2 4 5 0.90 1.00 1.00   
19   4   5 3 5 7 0.50 0.60 0.70   6 7 9 12 0.60 0.75 0.90   8 5 7 10 0.80 0.90 1.00   12 6 8 10 0.90 1.00 1.00   10   10 1 2 3 0.60 0.75 0.90   8 1 2 3 0.90 1.00 1.00   4 5 6 7 0.60 0.75 0.90   3 5 8 12 0.60 0.75 0.90   12 5 6 9 0.90 1.00 1.00   5 2 4 6 0.60 0.75 0.90   14 2 4 6 0.60 0.75 0.90   1 4 6 7 0.60 0.75 0.90   6 6 8 10 0.80 0.90 1.00   7 4 5 7 0.50 0.60 0.70   13   1 6 9 12 0.60 0.75 0.90   14 1 3 4 0.60 0.75 0.90   15 5 9 12 0.60 0.75 0.90   7 2 4 5 0.50 0.60 0.70   6 5 7 8 0.60 0.75 0.90   2 1 2 3 0.90 1.00 1.00   13 7 8 12 0.80 0.90 1.00   11 2 4 5 0.60 0.75 0.90   10 3 5 7 0.60 0.75 0.90   8 3 5 6 0.90 1.00 1.00   5 3 5 6 0.50 0.60 0.70   12 9 10 14 0.80 0.90 1.00   3 1 3 4 0.60 0.75 0.90   9   1 8 9 12 0.60 0.75 0.90   5 6 9 10 0.60 0.75 0.90   9 9 10 12 0.50 0.60 0.70   15 1 3 4 0.80 0.90 1.00   10 6 8 11 0.50 0.60 0.70   8 6 7 10 0.90 1.00 1.00   4 6 7 8 0.60 0.75 0.90   12 6 7 10 0.90 1.00 1.00   2 1 3 4 0.90 1.00 1.00   2   15 3 4 5 0.80 0.90 1.00   3 4 6 8 0.60 0.75 0.90   10   2 5 6 8 0.80 0.90 1.00   10 3 5 6 0.50 0.60 0.70   13 4 5 6 0.80 0.90 1.00   15 5 6 7 0.80 0.90 1.00   1 7 8 9 0.60 0.75 0.90   3 8 10 14 0.60 0.75 0.90   9 5 6 9 0.60 0.75 0.90   5 1 3 4 0.60 0.75 0.90   14 4 5 7 0.60 0.75 0.90   6 5 6 8 0.60 0.75 0.90   11   9 7 8 9 0.60 0.75 0.90   2 6 7 8 0.80 0.90 1.00   7 5 9 13 0.60 0.75 0.90   12 1 2 3 0.80 0.90 1.00   11 1 4 6 0.80 0.90 1.00   8 4 5 7 0.80 0.90 1.00   10 4 6 8 0.50 0.60 0.70   3 1 4 5 0.60 0.75 0.90   15 6 9 11 0.80 0.90 1.00   13 1 3 4 0.60 0.75 0.90   5 1 3 5 0.50 0.60 0.70   8   14 7 8 11 0.60 0.75 0.90   5 2 4 6 0.60 0.75 0.90   11 2 4 6 0.60 0.75 0.90   12 5 6 9 0.90 1.00 1.00   1 3 4 5 0.60 0.75 0.90   3 1 2 3 0.60 0.75 0.90   4 7 8 9 0.80 0.90 1.00   6 5 6 9 0.60 0.75 0.90   5   6 7 8 11 0.60 0.75 0.90   9 5 9 10 0.60 0.75 0.90   14 4 6 9 0.80 0.90 1.00   2 7 8 12 0.90 1.00 1.00   13 3 5 7 0.80 0.90 1.00   7   13 9 10 15 0.80 0.90 1.00   11 5 6 8 0.60 0.75 0.90   7 4 7 8 0.50 0.60 0.70   12 8 10 15 0.90 1.00 1.00   14 4 7 8 0.60 0.75 0.90   3 3 5 6 0.80 0.90 1.00   10 6 7 8 0.60 0.75 0.90   6   4 2 4 5 0.80 0.90 1.00   13 6 10 11 0.80 0.90 1.00   7 1 4 5 0.50 0.60 0.70   15 5 6 9 0.80 0.90 1.00   11 7 8 9 0.60 0.75 0.90   3 1 3 4 0.80 0.90 1.00   5   4 1 3 4 0.60 0.75 0.90   3 4 5 7 0.60 0.75 0.90   10 7 9 12 0.50 0.60 0.70   9 1 2 3 0.50 0.60 0.70   12 1 2 3 0.90 1.00 1.00   4   11 6 8 9 0.80 0.90 1.00   5 1 3 4 0.50 0.60 0.70   14 7 10 11 0.80 0.90 1.00   12 1 3 4 0.90 1.00 1.00   12   10 6 9 10 0.50 0.60 0.70   14 1 4 6 0.80 0.90 1.00   12 7 9 10 0.80 0.90 1.00   11 5 7 9 0.60 0.75 0.90   5 5 7 9 0.50 0.60 0.70   3 3 4 5 0.80 0.90 1.00   8 1 3 4 0.90 1.00 1.00   13 8 9 10 0.60 0.75 0.90   2 4 7 9 0.90 1.00 1.00   6 6 9 11 0.80 0.90 1.00   1 4 5 7 0.50 0.60 0.70   4 3 5 7 0.80 0.90 1.00   14   6 5 6 7 0.60 0.75 0.90   3 5 6 7 0.60 0.75 0.90   13 2 4 5 0.60 0.75 0.90   2 1 3 4 0.80 0.90 1.00   11 1 3 4 0.60 0.75 0.90   10 1 4 6 0.50 0.60 0.70   8 3 4 5 0.90 1.00 1.00   15 3 4 6 0.80 0.90 1.00   9 4 5 6 0.50 0.60 0.70   14 2 4 5 0.80 0.90 1.00   5 7 8 12 0.50 0.60 0.70   12 1 3 5 0.90 1.00 1.00   7 1 2 3 0.60 0.75 0.90   1 2 4 5 0.50 0.60 0.70   14   15 9 10 12 0.80 0.90 1.00   14 5 6 7 0.80 0.90 1.00   7 6 9 13 0.60 0.75 0.90   9 6 7 8 0.60 0.75 0.90   10 8 10 12 0.50 0.60 0.70   5 9 10 12 0.50 0.60 0.70   12 1 2 3 0.80 0.90 1.00   8 1 3 4 0.80 0.90 1.00   4 9 10 14 0.80 0.90 1.00   11 5 6 9 0.60 0.75 0.90   6 1 3 5 0.60 0.75 0.90   13 3 4 6 0.80 0.90 1.00   3 6 8 10 0.80 0.90 1.00   2 3 5 7 0.80 0.90 1.00   9   15 5 9 12 0.60 0.75 0.90   7 6 7 8 0.50 0.60 0.70   1 5 8 9 0.50 0.60 0.70   2 3 5 7 0.90 1.00 1.00   13 1 4 7 0.60 0.75 0.90   14 5 7 10 0.80 0.90 1.00   9 5 7 9 0.60 0.75 0.90   12 5 8 9 0.90 1.00 1.00   6 5 9 13 0.60 0.75 0.90   2   4 3 5 6 0.60 0.75 0.90   1 2 4 5 0.50 0.60 0.70   3   7 5 6 7 0.50 0.60 0.70   12 5 6 8 0.80 0.90 1.00   15 5 7 9 0.60 0.75 0.90   
19   15   14 8 10 12 0.80 0.90 1.00   5 8 9 13 0.60 0.75 0.90   15 1 2 3 0.80 0.90 1.00   8 1 3 4 0.90 1.00 1.00   9 1 3 4 0.50 0.60 0.70   10 6 8 11 0.50 0.60 0.70   6 1 3 4 0.60 0.75 0.90   13 3 4 5 0.80 0.90 1.00   7 6 8 12 0.60 0.75 0.90   11 1 2 3 0.60 0.75 0.90   1 1 3 4 0.60 0.75 0.90   12 3 4 6 0.90 1.00 1.00   2 6 7 9 0.90 1.00 1.00   4 1 2 3 0.80 0.90 1.00   3 4 7 9 0.60 0.75 0.90   3   15 1 2 3 0.80 0.90 1.00   14 7 8 11 0.60 0.75 0.90   2 4 7 8 0.90 1.00 1.00   13   13 6 7 9 0.80 0.90 1.00   6 1 3 4 0.60 0.75 0.90   11 4 6 9 0.60 0.75 0.90   2 5 9 10 0.80 0.90 1.00   15 6 7 10 0.80 0.90 1.00   10 1 2 5 0.60 0.75 0.90   12 7 10 14 0.80 0.90 1.00   9 5 6 8 0.60 0.75 0.90   3 5 7 9 0.80 0.90 1.00   7 2 4 5 0.60 0.75 0.90   5 2 4 6 0.60 0.75 0.90   14 5 9 10 0.80 0.90 1.00   4 8 9 13 0.60 0.75 0.90   11   15 8 10 15 0.80 0.90 1.00   1 3 5 6 0.60 0.75 0.90   13 7 8 9 0.80 0.90 1.00   3 7 10 14 0.80 0.90 1.00   8 1 3 4 0.80 0.90 1.00   11 7 10 14 0.60 0.75 0.90   9 1 4 6 0.50 0.60 0.70   5 4 5 7 0.50 0.60 0.70   12 6 7 9 0.90 1.00 1.00   7 5 6 9 0.60 0.75 0.90   2 5 7 9 0.80 0.90 1.00   2   10 3 5 7 0.60 0.75 0.90   12 4 7 8 0.80 0.90 1.00   1   2 1 3 4 0.90 1.00 1.00   15   2 4 5 6 0.90 1.00 1.00   12 6 7 8 0.90 1.00 1.00   6 4 5 6 0.80 0.90 1.00   14 5 6 7 0.60 0.75 0.90   9 6 9 13 0.50 0.60 0.70   10 8 9 13 0.50 0.60 0.70   3 1 2 4 0.60 0.75 0.90   15 3 4 5 0.60 0.75 0.90   7 6 10 14 0.50 0.60 0.70   13 4 7 10 0.80 0.90 1.00   8 9 10 12 0.80 0.90 1.00   4 1 4 6 0.80 0.90 1.00   1 8 10 11 0.60 0.75 0.90   5 8 9 10 0.60 0.75 0.90   11 2 4 5 0.60 0.75 0.90   8   11 5 6 7 0.80 0.90 1.00   5 1 3 6 0.50 0.60 0.70   14 1 4 7 0.60 0.75 0.90   13 1 3 4 0.80 0.90 1.00   10 3 4 5 0.60 0.75 0.90   4 4 5 6 0.60 0.75 0.90   8 5 6 7 0.90 1.00 1.00   6 1 3 4 0.80 0.90 1.00   6   15 3 5 7 0.60 0.75 0.90   11 4 7 8 0.60 0.75 0.90   2 2 4 5 0.80 0.90 1.00   3 6 9 11 0.60 0.75 0.90   9 1 3 4 0.60 0.75 0.90   14 1 3 6 0.80 0.90 1.00   9   10 1 2 3 0.60 0.75 0.90   15 5 9 13 0.80 0.90 1.00   4 3 5 7 0.80 0.90 1.00   2 1 2 3 0.90 1.00 1.00   5 8 10 14 0.50 0.60 0.70   8 6 10 15 0.80 0.90 1.00   14 6 9 13 0.60 0.75 0.90   13 4 5 6 0.80 0.90 1.00   7 1 2 3 0.60 0.75 0.90   7   15 8 10 12 0.80 0.90 1.00   7 4 5 6 0.60 0.75 0.90   14 7 8 10 0.80 0.90 1.00   12 4 7 8 0.90 1.00 1.00   2 1 2 3 0.90 1.00 1.00   13 1 3 4 0.60 0.75 0.90   1 5 6 7 0.60 0.75 0.90   14   1 5 7 8 0.60 0.75 0.90   6 3 4 5 0.60 0.75 0.90   11 1 2 3 0.80 0.90 1.00   12 6 10 12 0.90 1.00 1.00   7 8 10 14 0.60 0.75 0.90   10 1 2 3 0.60 0.75 0.90   8 5 6 8 0.90 1.00 1.00   15 2 4 5 0.80 0.90 1.00   13 4 5 6 0.80 0.90 1.00   14 1 3 4 0.80 0.90 1.00   5 7 8 12 0.60 0.75 0.90   3 3 5 7 0.60 0.75 0.90   4 8 10 14 0.80 0.90 1.00   9 1 2 3 0.50 0.60 0.70   5   15 6 8 11 0.80 0.90 1.00   10 1 2 4 0.50 0.60 0.70   6 1 2 3 0.80 0.90 1.00   14 3 4 6 0.60 0.75 0.90   11 8 10 15 0.60 0.75 0.90   1   14 1 2 5 0.80 0.90 1.00   5   12 6 8 9 0.90 1.00 1.00   15 3 4 5 0.80 0.90 1.00   5 3 5 6 0.60 0.75 0.90   11 7 9 13 0.80 0.90 1.00   3 4 5 7 0.80 0.90 1.00   6   11 5 6 9 0.80 0.90 1.00   15 2 4 5 0.80 0.90 1.00   5 1 3 4 0.50 0.60 0.70   6 1 3 4 0.60 0.75 0.90   2 5 9 13 0.90 1.00 1.00   12 3 4 6 0.80 0.90 1.00   4   14 1 2 3 0.80 0.90 1.00   13 5 8 10 0.80 0.90 1.00   12 7 8 11 0.80 0.90 1.00   1 3 5 6 0.50 0.60 0.70   5   1 9 10 11 0.60 0.75 0.90   11 6 8 11 0.80 0.90 1.00   13 5 6 7 0.80 0.90 1.00   12 6 7 10 0.90 1.00 1.00   2 9 10 11 0.80 0.90 1.00   5   3 1 2 3 0.60 0.75 0.90   14 6 8 9 0.60 0.75 0.90   6 6 7 8 0.60 0.75 0.90   12 6 10 15 0.80 0.90 1.00   2 2 4 5 0.90 1.00 1.00   
16   11   5 1 2 3 0.60 0.75 0.90   14 7 8 11 0.80 0.90 1.00   12 7 8 11 0.80 0.90 1.00   7 4 7 9 0.60 0.75 0.90   1 1 2 3 0.50 0.60 0.70   13 8 9 12 0.80 0.90 1.00   10 9 10 14 0.60 0.75 0.90   8 5 7 10 0.90 1.00 1.00   15 5 6 7 0.60 0.75 0.90   6 5 8 9 0.60 0.75 0.90   3 7 10 15 0.80 0.90 1.00   10   12 5 7 10 0.80 0.90 1.00   14 7 9 13 0.80 0.90 1.00   8 5 8 9 0.90 1.00 1.00   15 4 7 8 0.80 0.90 1.00   10 4 5 6 0.50 0.60 0.70   4 1 2 3 0.60 0.75 0.90   9 1 2 3 0.60 0.75 0.90   11 5 7 10 0.80 0.90 1.00   2 2 4 5 0.90 1.00 1.00   7 1 2 3 0.60 0.75 0.90   6   3 6 9 12 0.60 0.75 0.90   14 1 2 3 0.80 0.90 1.00   10 4 5 7 0.60 0.75 0.90   4 3 4 5 0.60 0.75 0.90   5 4 5 6 0.60 0.75 0.90   13 6 9 11 0.80 0.90 1.00   14   1 1 4 6 0.60 0.75 0.90   14 7 9 12 0.60 0.75 0.90   9 4 5 6 0.60 0.75 0.90   12 4 6 7 0.90 1.00 1.00   6 1 2 3 0.60 0.75 0.90   11 3 5 7 0.80 0.90 1.00   15 1 2 3 0.80 0.90 1.00   13 5 7 8 0.80 0.90 1.00   5 3 5 6 0.50 0.60 0.70   7 6 10 13 0.50 0.60 0.70   3 1 2 3 0.80 0.90 1.00   8 1 2 3 0.80 0.90 1.00   4 1 2 3 0.60 0.75 0.90   2 1 2 3 0.80 0.90 1.00   15   3 9 10 13 0.80 0.90 1.00   11 9 10 11 0.60 0.75 0.90   9 1 2 3 0.60 0.75 0.90   7 5 8 11 0.60 0.75 0.90   14 1 2 3 0.80 0.90 1.00   10 5 9 10 0.50 0.60 0.70   8 1 4 6 0.80 0.90 1.00   6 9 10 13 0.80 0.90 1.00   12 1 3 4 0.90 1.00 1.00   15 1 3 4 0.80 0.90 1.00   1 8 10 13 0.60 0.75 0.90   4 1 2 3 0.80 0.90 1.00   2 1 4 5 0.80 0.90 1.00   13 4 6 7 0.60 0.75 0.90   5 2 4 5 0.50 0.60 0.70   2   11 5 8 11 0.60 0.75 0.90   4 7 8 11 0.80 0.90 1.00   12   15 1 4 6 0.60 0.75 0.90   6 9 10 12 0.60 0.75 0.90   1 1 2 3 0.50 0.60 0.70   2 7 8 11 0.90 1.00 1.00   13 1 2 3 0.60 0.75 0.90   12 1 2 3 0.80 0.90 1.00   9 4 5 7 0.50 0.60 0.70   11 6 7 9 0.60 0.75 0.90   7 5 6 9 0.50 0.60 0.70   8 1 3 4 0.90 1.00 1.00   14 9 10 14 0.80 0.90 1.00   4 5 7 9 0.60 0.75 0.90   3   1 6 8 9 0.50 0.60 0.70   12 1 3 5 0.80 0.90 1.00   6 1 3 4 0.80 0.90 1.00   12   3 5 9 13 0.80 0.90 1.00   11 8 10 15 0.80 0.90 1.00   8 1 3 4 0.80 0.90 1.00   2 2 4 5 0.80 0.90 1.00   9 5 7 8 0.50 0.60 0.70   5 4 6 9 0.60 0.75 0.90   15 9 10 15 0.60 0.75 0.90   13 7 8 10 0.80 0.90 1.00   4 1 3 4 0.60 0.75 0.90   6 1 2 3 0.80 0.90 1.00   12 4 6 7 0.80 0.90 1.00   10 5 6 9 0.50 0.60 0.70   13   6 6 7 10 0.60 0.75 0.90   12 6 8 11 0.90 1.00 1.00   14 7 9 13 0.80 0.90 1.00   9 8 10 11 0.50 0.60 0.70   11 6 8 9 0.80 0.90 1.00   10 4 7 8 0.60 0.75 0.90   13 1 2 3 0.60 0.75 0.90   15 7 9 12 0.80 0.90 1.00   3 5 6 9 0.60 0.75 0.90   7 1 3 4 0.50 0.60 0.70   5 9 10 15 0.60 0.75 0.90   1 5 6 7 0.60 0.75 0.90   4 6 9 10 0.80 0.90 1.00   5   1 1 2 3 0.60 0.75 0.90   5 1 3 4 0.50 0.60 0.70   15 4 7 8 0.80 0.90 1.00   11 4 5 7 0.80 0.90 1.00   13 6 8 9 0.60 0.75 0.90   5   12 7 8 9 0.90 1.00 1.00   14 7 8 10 0.80 0.90 1.00   6 3 5 7 0.60 0.75 0.90   9 7 8 9 0.50 0.60 0.70   10 1 3 4 0.60 0.75 0.90   11   15 4 7 9 0.60 0.75 0.90   10 1 3 4 0.50 0.60 0.70   4 3 5 7 0.60 0.75 0.90   7 7 8 12 0.60 0.75 0.90   11 5 8 12 0.60 0.75 0.90   3 5 7 8 0.80 0.90 1.00   14 2 4 5 0.80 0.90 1.00   8 7 8 11 0.90 1.00 1.00   9 4 5 7 0.50 0.60 0.70   6 1 3 4 0.60 0.75 0.90   13 1 2 4 0.80 0.90 1.00   13   5 1 3 4 0.60 0.75 0.90   14 8 9 11 0.80 0.90 1.00   13 5 8 11 0.80 0.90 1.00   4 3 5 7 0.80 0.90 1.00   3 5 6 7 0.80 0.90 1.00   15 7 8 9 0.80 0.90 1.00   10 1 2 3 0.60 0.75 0.90   1 1 3 4 0.60 0.75 0.90   8 5 7 10 0.90 1.00 1.00   9 5 9 11 0.60 0.75 0.90   6 3 5 6 0.80 0.90 1.00   7 1 2 4 0.60 0.75 0.90   11 3 5 7 0.60 0.75 0.90   6   3 3 5 7 0.80 0.90 1.00   8 1 3 4 0.80 0.90 1.00   13 5 9 12 0.60 0.75 0.90   14 4 5 7 0.80 0.90 1.00   9 5 9 10 0.50 0.60 0.70   12 4 5 6 0.80 0.90 1.00   8   15 6 7 8 0.60 0.75 0.90   10 1 2 3 0.50 0.60 0.70   14 6 7 9 0.80 0.90 1.00   3 1 2 3 0.60 0.75 0.90   7 5 6 9 0.50 0.60 0.70   4 6 8 12 0.60 0.75 0.90   11 1 3 4 0.80 0.90 1.00   8 5 9 10 0.80 0.90 1.00   
18   14   14 1 3 4 0.60 0.75 0.90   4 7 8 10 0.80 0.90 1.00   11 7 9 12 0.60 0.75 0.90   12 9 10 15 0.80 0.90 1.00   9 7 8 9 0.60 0.75 0.90   7 7 10 13 0.60 0.75 0.90   8 5 7 9 0.90 1.00 1.00   1 7 8 12 0.60 0.75 0.90   6 1 2 3 0.80 0.90 1.00   13 5 7 10 0.80 0.90 1.00   10 4 7 8 0.50 0.60 0.70   15 8 10 12 0.80 0.90 1.00   3 1 2 4 0.60 0.75 0.90   5 9 10 15 0.60 0.75 0.90   2   2 4 7 9 0.80 0.90 1.00   6 1 3 4 0.60 0.75 0.90   9   1 5 8 9 0.60 0.75 0.90   4 3 4 6 0.60 0.75 0.90   2 1 2 4 0.90 1.00 1.00   3 5 9 10 0.60 0.75 0.90   14 5 8 9 0.60 0.75 0.90   13 3 4 5 0.80 0.90 1.00   5 6 8 9 0.60 0.75 0.90   7 1 3 4 0.60 0.75 0.90   12 1 2 3 0.80 0.90 1.00   10   2 3 5 6 0.90 1.00 1.00   14 1 3 4 0.60 0.75 0.90   13 3 4 6 0.60 0.75 0.90   12 2 4 5 0.80 0.90 1.00   10 3 5 6 0.60 0.75 0.90   1 1 3 4 0.60 0.75 0.90   9 1 3 5 0.60 0.75 0.90   6 1 4 7 0.80 0.90 1.00   11 7 9 13 0.60 0.75 0.90   5 1 3 4 0.50 0.60 0.70   9   3 6 8 12 0.60 0.75 0.90   8 3 5 6 0.90 1.00 1.00   14 6 9 11 0.60 0.75 0.90   1 1 3 4 0.50 0.60 0.70   2 3 4 6 0.80 0.90 1.00   10 3 5 6 0.50 0.60 0.70   11 1 3 4 0.60 0.75 0.90   9 1 2 3 0.50 0.60 0.70   7 2 4 6 0.60 0.75 0.90   6   15 1 4 7 0.80 0.90 1.00   13 7 10 12 0.80 0.90 1.00   8 1 3 4 0.80 0.90 1.00   1 2 4 6 0.60 0.75 0.90   9 3 5 7 0.50 0.60 0.70   5 9 10 13 0.60 0.75 0.90   8   13 1 4 5 0.60 0.75 0.90   12 1 4 5 0.90 1.00 1.00   6 1 4 7 0.60 0.75 0.90   2 1 3 6 0.90 1.00 1.00   9 4 7 10 0.50 0.60 0.70   10 1 2 3 0.60 0.75 0.90   5 3 5 7 0.60 0.75 0.90   15 3 5 7 0.60 0.75 0.90   2   4 5 8 11 0.60 0.75 0.90   9 9 10 11 0.50 0.60 0.70   12   4 1 4 7 0.60 0.75 0.90   5 5 6 8 0.50 0.60 0.70   12 1 4 6 0.80 0.90 1.00   14 6 7 10 0.60 0.75 0.90   9 1 2 4 0.60 0.75 0.90   1 7 10 11 0.50 0.60 0.70   6 2 4 6 0.60 0.75 0.90   8 6 10 12 0.80 0.90 1.00   13 1 3 4 0.60 0.75 0.90   10 3 4 6 0.50 0.60 0.70   3 3 4 6 0.60 0.75 0.90   15 6 7 9 0.80 0.90 1.00   15   6 1 2 3 0.60 0.75 0.90   11 3 4 5 0.80 0.90 1.00   15 4 5 7 0.60 0.75 0.90   14 5 7 8 0.80 0.90 1.00   8 4 5 7 0.90 1.00 1.00   5 1 3 4 0.60 0.75 0.90   13 5 6 9 0.80 0.90 1.00   9 4 6 9 0.50 0.60 0.70   4 1 2 3 0.80 0.90 1.00   10 7 8 12 0.50 0.60 0.70   12 1 3 4 0.90 1.00 1.00   2 1 2 3 0.90 1.00 1.00   3 4 5 7 0.60 0.75 0.90   1 5 8 10 0.50 0.60 0.70   7 9 10 12 0.50 0.60 0.70   2   3 5 9 10 0.80 0.90 1.00   11 8 10 11 0.60 0.75 0.90   5   9 7 9 11 0.50 0.60 0.70   4 7 10 15 0.60 0.75 0.90   1 7 8 11 0.50 0.60 0.70   10 2 4 5 0.60 0.75 0.90   2 5 7 8 0.90 1.00 1.00   9   5 5 9 13 0.50 0.60 0.70   9 4 6 8 0.50 0.60 0.70   7 6 9 11 0.50 0.60 0.70   12 6 7 8 0.80 0.90 1.00   11 5 9 10 0.60 0.75 0.90   8 1 2 4 0.80 0.90 1.00   15 1 3 4 0.60 0.75 0.90   13 1 4 6 0.80 0.90 1.00   14 3 4 6 0.80 0.90 1.00   3   9 6 7 10 0.50 0.60 0.70   6 4 7 10 0.60 0.75 0.90   2 5 7 8 0.90 1.00 1.00   12   12 1 3 4 0.90 1.00 1.00   3 3 4 6 0.80 0.90 1.00   13 4 5 6 0.60 0.75 0.90   14 3 4 6 0.60 0.75 0.90   9 6 9 10 0.60 0.75 0.90   10 1 3 4 0.50 0.60 0.70   15 7 8 10 0.80 0.90 1.00   4 1 3 4 0.80 0.90 1.00   8 6 7 10 0.90 1.00 1.00   2 1 4 7 0.80 0.90 1.00   5 3 5 6 0.60 0.75 0.90   11 6 8 10 0.60 0.75 0.90   1   10 3 4 5 0.60 0.75 0.90   12   7 6 9 10 0.60 0.75 0.90   13 2 4 6 0.60 0.75 0.90   9 2 4 6 0.50 0.60 0.70   1 4 7 10 0.50 0.60 0.70   8 2 4 6 0.90 1.00 1.00   5 6 9 11 0.60 0.75 0.90   15 1 2 3 0.60 0.75 0.90   11 2 4 6 0.60 0.75 0.90   12 3 4 6 0.80 0.90 1.00   6 1 2 3 0.80 0.90 1.00   2 1 4 5 0.80 0.90 1.00   3 1 3 4 0.60 0.75 0.90   7   8 1 4 5 0.80 0.90 1.00   4 7 8 10 0.60 0.75 0.90   6 6 7 10 0.60 0.75 0.90   15 4 6 7 0.80 0.90 1.00   13 1 2 3 0.60 0.75 0.90   1 7 9 13 0.50 0.60 0.70   2 1 2 3 0.80 0.90 1.00   
17   13   14 7 9 10 0.60 0.75 0.90   7 7 8 11 0.50 0.60 0.70   4 3 4 5 0.60 0.75 0.90   3 1 3 4 0.60 0.75 0.90   11 4 7 9 0.80 0.90 1.00   10 1 2 3 0.60 0.75 0.90   13 1 3 4 0.60 0.75 0.90   12 1 2 3 0.90 1.00 1.00   1 1 3 4 0.50 0.60 0.70   6 5 6 8 0.60 0.75 0.90   8 7 9 13 0.80 0.90 1.00   2 2 4 6 0.90 1.00 1.00   9 1 3 4 0.60 0.75 0.90   12   12 1 4 7 0.80 0.90 1.00   15 9 10 12 0.60 0.75 0.90   8 1 2 3 0.80 0.90 1.00   2 4 6 9 0.80 0.90 1.00   11 1 3 4 0.60 0.75 0.90   10 5 7 10 0.60 0.75 0.90   9 5 6 7 0.60 0.75 0.90   3 3 5 6 0.80 0.90 1.00   14 2 4 5 0.80 0.90 1.00   6 1 3 4 0.80 0.90 1.00   1 1 4 6 0.60 0.75 0.90   4 1 3 4 0.80 0.90 1.00   15   2 3 4 6 0.90 1.00 1.00   10 1 2 3 0.50 0.60 0.70   7 1 3 4 0.60 0.75 0.90   12 3 5 7 0.80 0.90 1.00   1 1 3 5 0.50 0.60 0.70   14 4 5 6 0.60 0.75 0.90   11 3 5 6 0.60 0.75 0.90   8 5 8 10 0.80 0.90 1.00   3 1 2 3 0.60 0.75 0.90   9 9 10 11 0.50 0.60 0.70   5 5 9 12 0.60 0.75 0.90   15 1 3 6 0.80 0.90 1.00   13 2 4 5 0.60 0.75 0.90   4 6 7 9 0.80 0.90 1.00   6 6 9 11 0.60 0.75 0.90   7   3 4 5 6 0.60 0.75 0.90   9 5 9 12 0.60 0.75 0.90   10 5 6 8 0.60 0.75 0.90   13 5 6 8 0.80 0.90 1.00   15 5 9 13 0.80 0.90 1.00   14 6 7 8 0.60 0.75 0.90   1 7 8 11 0.50 0.60 0.70   4   6 5 8 11 0.60 0.75 0.90   1 5 8 11 0.50 0.60 0.70   13 4 7 8 0.80 0.90 1.00   4 1 3 5 0.60 0.75 0.90   9   3 5 8 9 0.80 0.90 1.00   7 1 3 4 0.50 0.60 0.70   5 1 3 4 0.50 0.60 0.70   6 1 2 3 0.80 0.90 1.00   13 1 2 3 0.80 0.90 1.00   10 3 5 7 0.60 0.75 0.90   15 4 5 6 0.80 0.90 1.00   1 1 4 7 0.50 0.60 0.70   4 5 7 10 0.60 0.75 0.90   1   5 1 2 3 0.60 0.75 0.90   11   11 5 8 10 0.60 0.75 0.90   14 6 10 12 0.80 0.90 1.00   13 1 3 4 0.80 0.90 1.00   7 7 8 9 0.50 0.60 0.70   8 6 7 8 0.90 1.00 1.00   9 1 2 3 0.50 0.60 0.70   12 5 9 11 0.80 0.90 1.00   6 1 2 3 0.60 0.75 0.90   1 1 3 5 0.60 0.75 0.90   15 1 2 3 0.80 0.90 1.00   4 2 4 5 0.80 0.90 1.00   6   12 5 6 8 0.90 1.00 1.00   10 8 10 14 0.60 0.75 0.90   15 5 9 12 0.80 0.90 1.00   3 1 2 3 0.60 0.75 0.90   14 9 10 15 0.80 0.90 1.00   13 9 10 13 0.80 0.90 1.00   7   3 1 2 3 0.60 0.75 0.90   2 1 3 4 0.80 0.90 1.00   10 4 5 6 0.60 0.75 0.90   5 1 3 4 0.50 0.60 0.70   11 4 6 9 0.80 0.90 1.00   8 3 4 6 0.80 0.90 1.00   9 1 2 3 0.60 0.75 0.90   2   1 5 6 9 0.50 0.60 0.70   12 2 4 5 0.80 0.90 1.00   11   4 2 4 5 0.80 0.90 1.00   2 7 10 15 0.80 0.90 1.00   1 9 10 13 0.60 0.75 0.90   12 6 9 13 0.90 1.00 1.00   11 3 5 6 0.60 0.75 0.90   14 1 3 5 0.60 0.75 0.90   15 5 8 10 0.60 0.75 0.90   9 3 5 7 0.50 0.60 0.70   7 1 3 4 0.60 0.75 0.90   6 9 10 11 0.80 0.90 1.00   5 4 6 7 0.50 0.60 0.70   8   2 4 5 6 0.90 1.00 1.00   14 1 2 3 0.80 0.90 1.00   15 7 10 13 0.60 0.75 0.90   11 8 9 12 0.80 0.90 1.00   1 7 9 12 0.60 0.75 0.90   10 5 6 9 0.60 0.75 0.90   5 6 10 11 0.50 0.60 0.70   3 5 9 12 0.60 0.75 0.90   9   2 1 4 6 0.90 1.00 1.00   13 3 5 6 0.60 0.75 0.90   1 7 10 15 0.50 0.60 0.70   5 5 7 9 0.50 0.60 0.70   4 9 10 15 0.60 0.75 0.90   10 1 4 6 0.60 0.75 0.90   3 1 2 3 0.60 0.75 0.90   8 9 10 11 0.90 1.00 1.00   12 4 6 7 0.80 0.90 1.00   15   10 1 2 3 0.60 0.75 0.90   4 5 7 9 0.60 0.75 0.90   8 1 3 4 0.80 0.90 1.00   6 6 8 9 0.80 0.90 1.00   1 1 3 5 0.60 0.75 0.90   14 1 2 3 0.60 0.75 0.90   9 5 8 10 0.60 0.75 0.90   13 4 5 7 0.80 0.90 1.00   5 3 4 5 0.60 0.75 0.90   3 1 2 3 0.60 0.75 0.90   15 4 5 6 0.60 0.75 0.90   12 2 4 5 0.80 0.90 1.00   11 2 4 5 0.60 0.75 0.90   2 8 10 11 0.80 0.90 1.00   7 4 6 9 0.50 0.60 0.70   9   8 5 8 11 0.80 0.90 1.00   15 1 2 3 0.80 0.90 1.00   14 6 9 10 0.80 0.90 1.00   9 9 10 13 0.50 0.60 0.70   11 6 7 10 0.80 0.90 1.00   10 4 5 7 0.50 0.60 0.70   7 5 9 13 0.50 0.60 0.70   2 9 10 12 0.90 1.00 1.00   4 6 7 10 0.60 0.75 0.90   13   4 4 7 9 0.60 0.75 0.90   14 5 9 11 0.60 0.75 0.90   5 4 5 7 0.50 0.60 0.70   6 9 10 15 0.60 0.75 0.90   12 1 3 4 0.80 0.90 1.00   2 5 6 9 0.80 0.90 1.00   9 2 4 5 0.60 0.75 0.90   8 5 8 9 0.80 0.90 1.00   7 8 9 12 0.60 0.75 0.90   15 5 8 11 0.60 0.75 0.90   1 4 7 9 0.50 0.60 0.70   10 1 2 3 0.60 0.75 0.90   11 5 7 9 0.80 0.90 1.00   
