15 10 2
13   6   8 6 7 8 0.80 0.90 1.00   1 1 2 3 0.50 0.60 0.70   5 5 6 9 0.60 0.75 0.90   3 1 3 4 0.80 0.90 1.00   2 3 4 6 0.60 0.75 0.90   7 9 10 15 0.60 0.75 0.90   10   10 8 10 11 0.60 0.75 0.90   1 3 5 7 0.50 0.60 0.70   8 3 4 6 0.80 0.90 1.00   9 8 10 13 0.80 0.90 1.00   6 7 9 13 0.90 1.00 1.00   5 7 8 12 0.60 0.75 0.90   7 5 8 12 0.80 0.90 1.00   4 4 6 9 0.50 0.60 0.70   2 1 3 4 0.80 0.90 1.00   3 8 10 15 0.80 0.90 1.00   7   6 1 3 4 0.80 0.90 1.00   3 6 7 8 0.60 0.75 0.90   10 1 4 5 0.60 0.75 0.90   5 5 6 7 0.60 0.75 0.90   2 5 6 9 0.80 0.90 1.00   1 1 3 4 0.50 0.60 0.70   8 7 8 10 0.60 0.75 0.90   5   9 7 9 10 0.90 1.00 1.00   3 4 5 7 0.80 0.90 1.00   8 9 10 13 0.60 0.75 0.90   4 3 4 5 0.50 0.60 0.70   6 8 9 12 0.90 1.00 1.00   3   10 7 8 9 0.80 0.90 1.00   9 2 4 6 0.90 1.00 1.00   3 4 7 10 0.80 0.90 1.00   6   7 9 10 11 0.60 0.75 0.90   5 9 10 13 0.60 0.75 0.90   8 3 5 6 0.80 0.90 1.00   9 1 3 4 0.80 0.90 1.00   2 9 10 15 0.80 0.90 1.00   4 8 10 13 0.60 0.75 0.90   6   8 1 2 3 0.60 0.75 0.90   2 7 8 9 0.80 0.90 1.00   4 4 7 9 0.60 0.75 0.90   9 5 9 11 0.80 0.90 1.00   3 1 2 3 0.80 0.90 1.00   10 7 9 12 0.80 0.90 1.00   3   7 5 7 8 0.80 0.90 1.00   4 2 4 5 0.60 0.75 0.90   10 1 4 6 0.60 0.75 0.90   3   6 8 10 15 0.90 1.00 1.00   5 1 2 3 0.50 0.60 0.70   2 1 3 4 0.80 0.90 1.00   5   9 5 8 12 0.90 1.00 1.00   3 1 3 4 0.60 0.75 0.90   10 1 3 4 0.60 0.75 0.90   2 6 7 8 0.80 0.90 1.00   6 3 4 6 0.80 0.90 1.00   10   7 3 5 7 0.60 0.75 0.90   9 5 7 8 0.90 1.00 1.00   8 6 7 10 0.60 0.75 0.90   6 6 7 9 0.80 0.90 1.00   5 6 7 9 0.50 0.60 0.70   1 8 10 15 0.60 0.75 0.90   3 7 8 11 0.80 0.90 1.00   10 4 6 7 0.80 0.90 1.00   4 5 8 9 0.50 0.60 0.70   2 5 8 11 0.80 0.90 1.00   1   3 1 3 4 0.60 0.75 0.90   5   6 1 2 3 0.90 1.00 1.00   9 9 10 14 0.90 1.00 1.00   1 3 5 7 0.50 0.60 0.70   3 7 8 12 0.80 0.90 1.00   7 8 10 15 0.80 0.90 1.00   
15   6   3 9 10 13 0.80 0.90 1.00   7 9 10 15 0.60 0.75 0.90   9 3 5 7 0.80 0.90 1.00   8 1 4 6 0.80 0.90 1.00   10 1 2 3 0.60 0.75 0.90   5 7 10 14 0.50 0.60 0.70   8   1 1 3 5 0.60 0.75 0.90   3 2 4 6 0.60 0.75 0.90   8 1 4 7 0.80 0.90 1.00   10 2 4 5 0.80 0.90 1.00   6 1 4 5 0.90 1.00 1.00   9 9 10 11 0.80 0.90 1.00   4 1 3 4 0.60 0.75 0.90   5 4 7 8 0.50 0.60 0.70   8   10 6 8 9 0.80 0.90 1.00   7 1 4 5 0.80 0.90 1.00   5 1 3 4 0.50 0.60 0.70   3 5 7 9 0.80 0.90 1.00   6 2 4 5 0.90 1.00 1.00   1 3 5 6 0.50 0.60 0.70   2 3 5 6 0.60 0.75 0.90   9 5 6 8 0.90 1.00 1.00   7   5 4 7 8 0.50 0.60 0.70   3 1 2 5 0.60 0.75 0.90   7 7 8 12 0.60 0.75 0.90   9 4 6 8 0.90 1.00 1.00   6 2 4 6 0.90 1.00 1.00   8 5 7 8 0.60 0.75 0.90   4 1 2 4 0.60 0.75 0.90   8   8 1 2 3 0.80 0.90 1.00   5 6 10 13 0.50 0.60 0.70   1 1 3 5 0.50 0.60 0.70   7 1 2 3 0.60 0.75 0.90   6 4 5 7 0.90 1.00 1.00   9 5 6 8 0.80 0.90 1.00   4 3 5 6 0.60 0.75 0.90   2 6 8 10 0.60 0.75 0.90   6   2 1 4 5 0.60 0.75 0.90   8 6 8 11 0.80 0.90 1.00   5 3 5 7 0.60 0.75 0.90   1 6 7 8 0.50 0.60 0.70   10 1 3 4 0.80 0.90 1.00   7 1 3 6 0.60 0.75 0.90   9   6 9 10 13 0.90 1.00 1.00   2 1 3 4 0.80 0.90 1.00   5 4 6 7 0.60 0.75 0.90   10 5 9 10 0.80 0.90 1.00   9 1 4 6 0.90 1.00 1.00   1 4 5 6 0.50 0.60 0.70   4 4 5 6 0.60 0.75 0.90   3 3 5 7 0.80 0.90 1.00   8 5 7 10 0.80 0.90 1.00   1   9 1 2 3 0.80 0.90 1.00   9   7 8 10 11 0.60 0.75 0.90   8 1 2 3 0.60 0.75 0.90   5 1 2 3 0.50 0.60 0.70   2 1 2 3 0.60 0.75 0.90   10 1 3 4 0.60 0.75 0.90   6 4 6 9 0.90 1.00 1.00   1 5 6 9 0.60 0.75 0.90   3 2 4 5 0.60 0.75 0.90   4 1 2 3 0.60 0.75 0.90   3   9 1 2 3 0.90 1.00 1.00   1 1 4 5 0.60 0.75 0.90   8 4 7 8 0.80 0.90 1.00   5   7 4 7 10 0.80 0.90 1.00   1 1 3 4 0.50 0.60 0.70   8 5 7 9 0.80 0.90 1.00   2 9 10 13 0.60 0.75 0.90   6 1 3 4 0.80 0.90 1.00   2   4 9 10 12 0.60 0.75 0.90   9 1 2 4 0.80 0.90 1.00   8   8 6 7 10 0.60 0.75 0.90   2 7 10 12 0.60 0.75 0.90   9 4 5 6 0.90 1.00 1.00   10 2 4 5 0.80 0.90 1.00   3 4 5 6 0.80 0.90 1.00   7 2 4 5 0.80 0.90 1.00   1 3 4 6 0.60 0.75 0.90   5 4 5 6 0.60 0.75 0.90   8   7 9 10 11 0.60 0.75 0.90   4 7 10 13 0.60 0.75 0.90   9 6 8 11 0.90 1.00 1.00   5 5 6 7 0.50 0.60 0.70   6 1 3 4 0.80 0.90 1.00   8 3 5 6 0.80 0.90 1.00   1 2 4 6 0.50 0.60 0.70   3 5 9 11 0.80 0.90 1.00   1   8 1 2 3 0.60 0.75 0.90   
10   6   9 5 6 8 0.90 1.00 1.00   5 1 2 4 0.50 0.60 0.70   1 4 5 6 0.60 0.75 0.90   10 1 2 3 0.80 0.90 1.00   4 4 5 7 0.50 0.60 0.70   8 1 3 4 0.60 0.75 0.90   2   6 4 5 6 0.90 1.00 1.00   1 4 7 8 0.50 0.60 0.70   10   3 5 8 9 0.60 0.75 0.90   9 1 2 3 0.90 1.00 1.00   4 5 8 12 0.50 0.60 0.70   10 5 7 8 0.80 0.90 1.00   2 2 4 5 0.80 0.90 1.00   1 3 5 7 0.50 0.60 0.70   8 1 4 6 0.80 0.90 1.00   7 6 9 10 0.80 0.90 1.00   6 1 2 3 0.90 1.00 1.00   5 3 4 6 0.60 0.75 0.90   4   4 1 3 4 0.60 0.75 0.90   1 5 6 8 0.60 0.75 0.90   9 5 8 9 0.80 0.90 1.00   6 3 4 6 0.80 0.90 1.00   3   2 3 5 7 0.60 0.75 0.90   7 1 2 3 0.60 0.75 0.90   1 3 4 6 0.50 0.60 0.70   3   10 5 7 9 0.80 0.90 1.00   5 1 2 3 0.60 0.75 0.90   3 4 6 9 0.80 0.90 1.00   1   10 3 4 5 0.80 0.90 1.00   2   3 5 8 11 0.60 0.75 0.90   9 3 5 6 0.80 0.90 1.00   6   2 5 7 10 0.60 0.75 0.90   6 6 10 13 0.90 1.00 1.00   1 5 7 9 0.50 0.60 0.70   9 9 10 11 0.90 1.00 1.00   5 7 10 12 0.60 0.75 0.90   7 1 2 3 0.80 0.90 1.00   4   10 5 6 9 0.60 0.75 0.90   9 4 5 6 0.90 1.00 1.00   1 7 8 9 0.50 0.60 0.70   2 7 9 11 0.60 0.75 0.90   
13   2   6 5 7 8 0.90 1.00 1.00   9 1 3 4 0.90 1.00 1.00   7   2 8 9 10 0.60 0.75 0.90   4 7 10 12 0.60 0.75 0.90   5 1 2 3 0.50 0.60 0.70   7 7 10 11 0.60 0.75 0.90   6 6 8 9 0.80 0.90 1.00   9 7 8 9 0.80 0.90 1.00   1 5 9 11 0.50 0.60 0.70   5   9 4 5 7 0.90 1.00 1.00   7 1 3 4 0.60 0.75 0.90   8 3 4 6 0.80 0.90 1.00   4 9 10 12 0.50 0.60 0.70   5 7 10 14 0.50 0.60 0.70   9   5 6 7 10 0.60 0.75 0.90   1 1 3 4 0.50 0.60 0.70   9 6 8 11 0.80 0.90 1.00   7 1 2 3 0.80 0.90 1.00   10 3 5 7 0.80 0.90 1.00   3 3 5 7 0.80 0.90 1.00   6 1 3 4 0.90 1.00 1.00   4 9 10 12 0.50 0.60 0.70   8 7 8 9 0.80 0.90 1.00   6   6 1 3 4 0.80 0.90 1.00   1 1 2 3 0.60 0.75 0.90   7 5 7 9 0.60 0.75 0.90   9 3 5 6 0.80 0.90 1.00   8 6 10 12 0.80 0.90 1.00   10 1 2 3 0.80 0.90 1.00   5   9 1 2 3 0.80 0.90 1.00   4 4 7 10 0.50 0.60 0.70   8 5 7 10 0.80 0.90 1.00   3 1 2 3 0.60 0.75 0.90   7 1 3 4 0.60 0.75 0.90   5   9 1 2 3 0.90 1.00 1.00   2 1 2 3 0.80 0.90 1.00   8 5 6 7 0.80 0.90 1.00   5 4 6 7 0.60 0.75 0.90   6 5 6 8 0.90 1.00 1.00   1   8 1 2 3 0.80 0.90 1.00   6   7 1 2 5 0.80 0.90 1.00   5 1 3 4 0.60 0.75 0.90   9 4 7 10 0.90 1.00 1.00   3 3 5 7 0.60 0.75 0.90   6 4 7 8 0.90 1.00 1.00   10 5 6 8 0.60 0.75 0.90   1   5 1 3 4 0.50 0.60 0.70   3   5 1 3 4 0.50 0.60 0.70   8 4 5 6 0.80 0.90 1.00   1 5 7 10 0.50 0.60 0.70   9   6 3 4 5 0.80 0.90 1.00   8 5 9 12 0.80 0.90 1.00   2 3 5 6 0.80 0.90 1.00   3 5 6 8 0.60 0.75 0.90   9 1 4 5 0.80 0.90 1.00   10 1 4 5 0.60 0.75 0.90   7 1 3 4 0.60 0.75 0.90   1 5 6 9 0.60 0.75 0.90   5 3 4 5 0.60 0.75 0.90   6   3 1 2 3 0.80 0.90 1.00   1 1 2 5 0.60 0.75 0.90   6 1 3 4 0.80 0.90 1.00   2 1 3 4 0.80 0.90 1.00   5 4 5 7 0.50 0.60 0.70   8 3 5 6 0.80 0.90 1.00   
10   9   2 3 4 6 0.80 0.90 1.00   5 1 2 3 0.50 0.60 0.70   9 5 6 9 0.80 0.90 1.00   7 3 5 7 0.60 0.75 0.90   3 6 10 15 0.80 0.90 1.00   10 7 8 12 0.60 0.75 0.90   6 3 5 6 0.80 0.90 1.00   8 1 3 4 0.60 0.75 0.90   4 1 2 3 0.50 0.60 0.70   7   5 6 9 11 0.50 0.60 0.70   2 4 5 7 0.80 0.90 1.00   8 8 9 13 0.60 0.75 0.90   3 3 4 5 0.80 0.90 1.00   1 4 7 9 0.50 0.60 0.70   6 8 9 12 0.90 1.00 1.00   4 5 6 7 0.50 0.60 0.70   7   6 7 8 10 0.80 0.90 1.00   10 1 2 3 0.80 0.90 1.00   1 7 10 11 0.60 0.75 0.90   2 5 9 12 0.80 0.90 1.00   9 4 5 6 0.80 0.90 1.00   5 3 4 5 0.60 0.75 0.90   4 3 4 5 0.50 0.60 0.70   7   3 4 5 6 0.60 0.75 0.90   4 1 3 5 0.50 0.60 0.70   6 4 7 8 0.80 0.90 1.00   7 3 4 5 0.60 0.75 0.90   9 5 7 8 0.80 0.90 1.00   5 3 5 6 0.50 0.60 0.70   8 2 4 6 0.60 0.75 0.90   5   3 6 10 14 0.60 0.75 0.90   8 1 2 3 0.80 0.90 1.00   5 1 3 4 0.60 0.75 0.90   6 1 4 5 0.80 0.90 1.00   1 7 8 11 0.60 0.75 0.90   1   9 7 8 12 0.90 1.00 1.00   3   2 1 3 4 0.80 0.90 1.00   8 8 9 11 0.60 0.75 0.90   4 8 10 15 0.50 0.60 0.70   8   3 5 6 9 0.80 0.90 1.00   1 5 8 12 0.60 0.75 0.90   8 7 9 12 0.60 0.75 0.90   9 2 4 5 0.80 0.90 1.00   2 5 9 12 0.80 0.90 1.00   7 6 8 9 0.80 0.90 1.00   10 6 7 10 0.80 0.90 1.00   4 1 3 4 0.50 0.60 0.70   7   5 7 10 15 0.60 0.75 0.90   4 7 8 11 0.60 0.75 0.90   1 4 7 9 0.50 0.60 0.70   3 3 5 7 0.60 0.75 0.90   6 4 7 8 0.80 0.90 1.00   7 1 2 3 0.80 0.90 1.00   10 2 4 6 0.60 0.75 0.90   8   5 7 8 10 0.50 0.60 0.70   3 7 8 9 0.80 0.90 1.00   8 2 4 6 0.80 0.90 1.00   9 7 8 10 0.80 0.90 1.00   6 2 4 5 0.80 0.90 1.00   4 4 5 6 0.60 0.75 0.90   10 1 2 3 0.60 0.75 0.90   1 4 6 7 0.60 0.75 0.90   
12   1   9 8 10 12 0.80 0.90 1.00   7   8 4 6 7 0.80 0.90 1.00   6 6 8 11 0.90 1.00 1.00   4 8 10 13 0.60 0.75 0.90   2 4 7 9 0.60 0.75 0.90   5 8 9 11 0.60 0.75 0.90   7 5 6 9 0.80 0.90 1.00   3 5 9 12 0.80 0.90 1.00   2   10 4 6 7 0.60 0.75 0.90   6 2 4 5 0.90 1.00 1.00   6   5 4 6 8 0.60 0.75 0.90   7 5 6 9 0.60 0.75 0.90   9 3 5 6 0.90 1.00 1.00   2 5 6 7 0.60 0.75 0.90   10 4 5 7 0.80 0.90 1.00   1 6 10 15 0.50 0.60 0.70   4   1 5 7 10 0.50 0.60 0.70   9 4 5 7 0.80 0.90 1.00   8 2 4 6 0.80 0.90 1.00   7 5 9 10 0.60 0.75 0.90   1   7 4 7 10 0.60 0.75 0.90   1   6 3 4 5 0.90 1.00 1.00   2   4 3 4 5 0.60 0.75 0.90   5 8 9 10 0.50 0.60 0.70   5   4 7 10 15 0.60 0.75 0.90   7 1 2 3 0.80 0.90 1.00   1 5 9 11 0.50 0.60 0.70   6 5 8 9 0.90 1.00 1.00   2 2 4 5 0.60 0.75 0.90   2   6 5 6 9 0.90 1.00 1.00   9 7 8 10 0.80 0.90 1.00   1   3 5 8 11 0.60 0.75 0.90   1   5 2 4 6 0.60 0.75 0.90   
13   4   9 1 3 4 0.80 0.90 1.00   1 7 9 13 0.60 0.75 0.90   4 1 3 4 0.60 0.75 0.90   7 9 10 11 0.60 0.75 0.90   7   9 3 4 6 0.80 0.90 1.00   8 8 10 13 0.80 0.90 1.00   7 7 8 12 0.60 0.75 0.90   2 1 2 3 0.80 0.90 1.00   10 1 2 3 0.60 0.75 0.90   6 5 6 7 0.80 0.90 1.00   1 1 2 3 0.50 0.60 0.70   3   5 7 9 11 0.60 0.75 0.90   2 7 9 12 0.60 0.75 0.90   7 6 7 8 0.60 0.75 0.90   3   10 5 9 11 0.80 0.90 1.00   6 5 6 8 0.90 1.00 1.00   2 5 8 10 0.80 0.90 1.00   5   6 6 8 9 0.80 0.90 1.00   9 7 8 11 0.80 0.90 1.00   3 9 10 14 0.80 0.90 1.00   4 1 2 3 0.50 0.60 0.70   10 1 3 4 0.60 0.75 0.90   3   7 5 6 7 0.80 0.90 1.00   5 6 8 10 0.60 0.75 0.90   8 5 6 8 0.60 0.75 0.90   1   5 3 5 6 0.60 0.75 0.90   3   4 7 9 13 0.50 0.60 0.70   3 7 8 11 0.80 0.90 1.00   2 8 9 11 0.60 0.75 0.90   8   8 6 7 10 0.60 0.75 0.90   2 5 8 9 0.80 0.90 1.00   5 6 7 8 0.50 0.60 0.70   10 6 7 9 0.60 0.75 0.90   6 6 9 11 0.90 1.00 1.00   3 1 4 6 0.60 0.75 0.90   4 1 2 4 0.50 0.60 0.70   9 7 8 10 0.90 1.00 1.00   5   4 1 2 3 0.50 0.60 0.70   10 1 2 3 0.60 0.75 0.90   7 1 4 7 0.60 0.75 0.90   8 1 3 5 0.60 0.75 0.90   6 3 5 6 0.80 0.90 1.00   10   6 5 6 9 0.80 0.90 1.00   8 3 5 6 0.80 0.90 1.00   3 4 5 7 0.80 0.90 1.00   7 3 5 7 0.60 0.75 0.90   1 3 5 6 0.50 0.60 0.70   5 1 3 4 0.60 0.75 0.90   2 4 5 7 0.80 0.90 1.00   9 5 8 10 0.90 1.00 1.00   4 1 3 4 0.60 0.75 0.90   10 1 2 3 0.60 0.75 0.90   9   2 1 3 4 0.80 0.90 1.00   8 3 4 6 0.60 0.75 0.90   6 7 10 14 0.80 0.90 1.00   7 1 2 3 0.60 0.75 0.90   1 6 7 10 0.60 0.75 0.90   9 1 2 4 0.80 0.90 1.00   10 4 7 9 0.80 0.90 1.00   4 8 9 11 0.60 0.75 0.90   5 4 5 7 0.50 0.60 0.70   7   9 5 6 7 0.90 1.00 1.00   5 6 10 15 0.60 0.75 0.90   6 1 2 3 0.90 1.00 1.00   7 6 10 15 0.60 0.75 0.90   8 3 4 6 0.60 0.75 0.90   3 7 9 10 0.80 0.90 1.00   4 5 7 9 0.60 0.75 0.90   
13   2   10 2 4 6 0.60 0.75 0.90   9 2 4 6 0.90 1.00 1.00   4   4 5 6 9 0.50 0.60 0.70   3 5 9 10 0.80 0.90 1.00   8 9 10 13 0.60 0.75 0.90   1 4 6 8 0.60 0.75 0.90   2   3 3 4 5 0.80 0.90 1.00   1 3 5 7 0.50 0.60 0.70   3   4 5 6 9 0.50 0.60 0.70   9 1 3 4 0.80 0.90 1.00   8 6 7 8 0.80 0.90 1.00   5   1 5 6 7 0.60 0.75 0.90   6 5 6 8 0.90 1.00 1.00   4 3 4 6 0.60 0.75 0.90   10 1 3 4 0.60 0.75 0.90   9 3 5 6 0.90 1.00 1.00   7   9 4 5 7 0.90 1.00 1.00   3 8 9 11 0.60 0.75 0.90   4 3 4 6 0.60 0.75 0.90   2 4 5 7 0.60 0.75 0.90   8 3 5 7 0.60 0.75 0.90   7 3 4 5 0.60 0.75 0.90   5 7 8 11 0.60 0.75 0.90   7   10 2 4 5 0.80 0.90 1.00   1 3 5 7 0.60 0.75 0.90   4 9 10 11 0.50 0.60 0.70   6 1 2 3 0.80 0.90 1.00   9 5 7 9 0.80 0.90 1.00   2 1 3 4 0.60 0.75 0.90   8 8 9 11 0.80 0.90 1.00   5   2 1 3 4 0.60 0.75 0.90   4 7 9 13 0.50 0.60 0.70   3 1 2 3 0.80 0.90 1.00   5 5 7 10 0.50 0.60 0.70   9 6 10 15 0.80 0.90 1.00   1   4 1 2 3 0.60 0.75 0.90   7   7 5 9 12 0.80 0.90 1.00   9 8 9 11 0.90 1.00 1.00   10 6 7 10 0.80 0.90 1.00   1 8 9 10 0.60 0.75 0.90   5 1 2 3 0.60 0.75 0.90   6 3 4 6 0.80 0.90 1.00   4 2 4 5 0.50 0.60 0.70   1   10 1 2 3 0.80 0.90 1.00   1   10 9 10 12 0.80 0.90 1.00   7   2 5 9 13 0.80 0.90 1.00   10 1 2 3 0.80 0.90 1.00   9 5 6 7 0.80 0.90 1.00   7 1 4 7 0.60 0.75 0.90   6 9 10 12 0.80 0.90 1.00   1 7 8 10 0.50 0.60 0.70   8 8 10 11 0.80 0.90 1.00   
10   4   10 1 4 7 0.60 0.75 0.90   8 1 2 3 0.80 0.90 1.00   3 1 3 4 0.80 0.90 1.00   5 1 3 4 0.60 0.75 0.90   5   5 1 3 4 0.50 0.60 0.70   8 7 8 10 0.80 0.90 1.00   3 6 8 10 0.60 0.75 0.90   10 1 3 4 0.60 0.75 0.90   9 3 4 5 0.90 1.00 1.00   4   4 7 8 12 0.60 0.75 0.90   8 3 5 7 0.60 0.75 0.90   6 5 7 10 0.90 1.00 1.00   9 1 3 4 0.80 0.90 1.00   1   8 1 3 5 0.80 0.90 1.00   2   2 5 6 8 0.60 0.75 0.90   10 1 3 4 0.60 0.75 0.90   1   4 1 2 3 0.50 0.60 0.70   2   1 3 4 5 0.60 0.75 0.90   6 5 7 8 0.90 1.00 1.00   2   10 2 4 6 0.80 0.90 1.00   9 3 4 6 0.90 1.00 1.00   6   8 9 10 14 0.80 0.90 1.00   3 1 3 4 0.60 0.75 0.90   5 7 9 12 0.60 0.75 0.90   7 7 8 12 0.60 0.75 0.90   4 4 5 7 0.60 0.75 0.90   9 5 7 8 0.80 0.90 1.00   2   3 1 3 4 0.80 0.90 1.00   10 4 6 8 0.80 0.90 1.00   
10   2   2 1 2 3 0.60 0.75 0.90   10 6 8 11 0.80 0.90 1.00   1   10 5 6 7 0.60 0.75 0.90   10   5 3 5 7 0.50 0.60 0.70   8 1 3 4 0.80 0.90 1.00   4 6 8 11 0.60 0.75 0.90   3 7 10 15 0.80 0.90 1.00   7 8 9 12 0.60 0.75 0.90   9 7 8 10 0.80 0.90 1.00   1 9 10 15 0.50 0.60 0.70   6 7 8 9 0.80 0.90 1.00   2 3 5 6 0.80 0.90 1.00   10 1 3 4 0.80 0.90 1.00   9   9 5 6 9 0.80 0.90 1.00   4 4 5 6 0.60 0.75 0.90   6 9 10 11 0.90 1.00 1.00   5 3 4 5 0.60 0.75 0.90   10 1 2 3 0.80 0.90 1.00   8 3 5 6 0.80 0.90 1.00   7 9 10 12 0.60 0.75 0.90   3 5 6 7 0.60 0.75 0.90   2 1 2 5 0.80 0.90 1.00   8   7 1 3 4 0.60 0.75 0.90   8 4 5 7 0.80 0.90 1.00   6 3 5 7 0.90 1.00 1.00   9 7 8 11 0.80 0.90 1.00   5 4 7 8 0.60 0.75 0.90   2 5 6 7 0.60 0.75 0.90   4 4 7 9 0.50 0.60 0.70   3 2 4 6 0.80 0.90 1.00   5   1 8 10 12 0.50 0.60 0.70   9 1 2 4 0.80 0.90 1.00   7 3 4 6 0.60 0.75 0.90   3 1 3 4 0.60 0.75 0.90   6 1 4 7 0.90 1.00 1.00   8   9 6 10 13 0.90 1.00 1.00   1 1 3 4 0.50 0.60 0.70   7 4 6 7 0.80 0.90 1.00   8 3 5 7 0.80 0.90 1.00   5 4 7 10 0.60 0.75 0.90   2 6 10 13 0.80 0.90 1.00   4 7 8 12 0.50 0.60 0.70   10 4 6 9 0.80 0.90 1.00   3   6 1 2 3 0.90 1.00 1.00   9 3 4 6 0.90 1.00 1.00   8 3 4 5 0.80 0.90 1.00   6   8 1 2 3 0.80 0.90 1.00   2 1 2 3 0.80 0.90 1.00   7 4 7 8 0.60 0.75 0.90   3 2 4 6 0.60 0.75 0.90   1 1 3 4 0.50 0.60 0.70   9 1 2 4 0.80 0.90 1.00   7   2 3 5 6 0.60 0.75 0.90   10 1 3 4 0.80 0.90 1.00   8 1 3 4 0.80 0.90 1.00   7 9 10 15 0.80 0.90 1.00   6 5 6 9 0.90 1.00 1.00   4 3 4 5 0.50 0.60 0.70   9 1 3 4 0.80 0.90 1.00   
13   10   8 6 7 10 0.60 0.75 0.90   2 1 2 3 0.60 0.75 0.90   1 4 5 6 0.50 0.60 0.70   9 2 4 5 0.80 0.90 1.00   3 3 5 7 0.60 0.75 0.90   5 1 3 4 0.50 0.60 0.70   6 4 5 6 0.80 0.90 1.00   10 7 8 9 0.60 0.75 0.90   4 4 6 7 0.60 0.75 0.90   7 4 5 6 0.60 0.75 0.90   2   9 5 8 12 0.90 1.00 1.00   6 5 6 9 0.80 0.90 1.00   9   9 2 4 6 0.80 0.90 1.00   6 2 4 6 0.90 1.00 1.00   8 5 6 8 0.80 0.90 1.00   10 8 10 12 0.80 0.90 1.00   1 8 9 10 0.60 0.75 0.90   5 1 3 4 0.60 0.75 0.90   3 6 10 12 0.80 0.90 1.00   7 6 9 13 0.80 0.90 1.00   2 2 4 5 0.60 0.75 0.90   6   4 7 8 9 0.50 0.60 0.70   5 4 5 6 0.60 0.75 0.90   3 3 5 6 0.60 0.75 0.90   7 7 9 10 0.80 0.90 1.00   10 5 8 10 0.60 0.75 0.90   6 7 8 10 0.80 0.90 1.00   7   7 5 9 11 0.60 0.75 0.90   5 5 6 7 0.60 0.75 0.90   8 1 3 4 0.80 0.90 1.00   1 3 5 7 0.60 0.75 0.90   6 6 10 12 0.90 1.00 1.00   4 1 2 3 0.60 0.75 0.90   2 7 8 10 0.80 0.90 1.00   6   10 7 8 10 0.80 0.90 1.00   9 2 4 6 0.80 0.90 1.00   1 5 8 9 0.50 0.60 0.70   7 1 2 3 0.60 0.75 0.90   4 5 6 9 0.60 0.75 0.90   6 9 10 13 0.90 1.00 1.00   2   5 5 7 8 0.50 0.60 0.70   7 1 2 3 0.80 0.90 1.00   2   2 5 9 10 0.60 0.75 0.90   8 5 6 7 0.60 0.75 0.90   5   9 4 5 6 0.90 1.00 1.00   7 6 8 10 0.80 0.90 1.00   8 3 4 6 0.80 0.90 1.00   2 5 9 11 0.80 0.90 1.00   3 1 2 4 0.80 0.90 1.00   4   8 4 7 8 0.80 0.90 1.00   4 1 2 3 0.50 0.60 0.70   6 1 2 3 0.80 0.90 1.00   9 4 5 7 0.90 1.00 1.00   4   9 7 10 12 0.80 0.90 1.00   3 2 4 6 0.60 0.75 0.90   2 4 5 7 0.60 0.75 0.90   7 7 9 11 0.80 0.90 1.00   3   1 1 3 4 0.60 0.75 0.90   10 1 2 3 0.80 0.90 1.00   9 6 7 8 0.90 1.00 1.00   10   2 2 4 5 0.80 0.90 1.00   6 3 5 7 0.90 1.00 1.00   5 6 8 10 0.50 0.60 0.70   10 5 8 12 0.80 0.90 1.00   4 3 5 6 0.50 0.60 0.70   8 9 10 15 0.60 0.75 0.90   7 3 4 5 0.60 0.75 0.90   3 3 4 5 0.80 0.90 1.00   9 5 7 8 0.90 1.00 1.00   1 1 3 5 0.60 0.75 0.90   
15   7   1 2 4 5 0.50 0.60 0.70   3 3 5 6 0.80 0.90 1.00   6 7 8 10 0.90 1.00 1.00   10 5 6 8 0.60 0.75 0.90   9 5 6 9 0.80 0.90 1.00   8 6 8 12 0.80 0.90 1.00   7 5 6 7 0.80 0.90 1.00   2   7 3 5 6 0.60 0.75 0.90   2 4 7 9 0.60 0.75 0.90   4   1 1 2 4 0.50 0.60 0.70   6 9 10 11 0.90 1.00 1.00   8 3 4 5 0.60 0.75 0.90   9 1 2 3 0.90 1.00 1.00   3   2 7 10 13 0.80 0.90 1.00   10 1 2 3 0.60 0.75 0.90   3 4 5 6 0.80 0.90 1.00   3   8 1 4 5 0.80 0.90 1.00   2 1 3 4 0.80 0.90 1.00   6 6 7 8 0.90 1.00 1.00   4   3 1 3 4 0.60 0.75 0.90   8 6 10 11 0.60 0.75 0.90   10 2 4 6 0.60 0.75 0.90   7 8 9 13 0.60 0.75 0.90   1   5 2 4 5 0.50 0.60 0.70   3   10 1 2 3 0.60 0.75 0.90   2 1 2 3 0.80 0.90 1.00   8 2 4 6 0.60 0.75 0.90   6   1 4 7 9 0.60 0.75 0.90   9 1 3 4 0.90 1.00 1.00   4 4 6 8 0.50 0.60 0.70   2 6 8 9 0.60 0.75 0.90   10 6 10 11 0.60 0.75 0.90   5 6 10 11 0.60 0.75 0.90   9   7 1 3 4 0.60 0.75 0.90   9 3 5 6 0.90 1.00 1.00   3 9 10 13 0.60 0.75 0.90   5 1 3 5 0.50 0.60 0.70   8 7 8 9 0.80 0.90 1.00   10 5 7 10 0.80 0.90 1.00   2 7 10 14 0.80 0.90 1.00   6 9 10 14 0.80 0.90 1.00   1 1 2 3 0.50 0.60 0.70   7   7 1 2 3 0.80 0.90 1.00   2 6 7 8 0.80 0.90 1.00   3 3 4 6 0.60 0.75 0.90   10 1 2 3 0.60 0.75 0.90   5 1 2 4 0.50 0.60 0.70   8 1 2 3 0.80 0.90 1.00   1 7 9 10 0.50 0.60 0.70   3   9 7 9 12 0.80 0.90 1.00   8 8 10 13 0.60 0.75 0.90   1 5 8 11 0.50 0.60 0.70   2   8 3 5 6 0.60 0.75 0.90   10 6 7 8 0.60 0.75 0.90   8   7 4 6 7 0.60 0.75 0.90   10 1 2 3 0.60 0.75 0.90   8 6 8 9 0.80 0.90 1.00   1 3 5 6 0.50 0.60 0.70   4 1 3 4 0.60 0.75 0.90   5 4 6 9 0.50 0.60 0.70   6 1 2 5 0.80 0.90 1.00   3 6 9 11 0.80 0.90 1.00   5   6 4 7 9 0.90 1.00 1.00   7 7 8 9 0.60 0.75 0.90   2 1 3 4 0.60 0.75 0.90   1 5 6 7 0.50 0.60 0.70   8 1 2 4 0.80 0.90 1.00   
14   1   1 1 4 5 0.60 0.75 0.90   3   10 1 3 4 0.80 0.90 1.00   8 6 9 12 0.60 0.75 0.90   4 4 6 9 0.60 0.75 0.90   9   1 1 3 4 0.60 0.75 0.90   5 5 6 7 0.50 0.60 0.70   2 1 2 3 0.80 0.90 1.00   4 5 7 10 0.50 0.60 0.70   6 4 5 6 0.90 1.00 1.00   3 1 2 3 0.80 0.90 1.00   8 5 7 8 0.80 0.90 1.00   10 6 7 10 0.60 0.75 0.90   7 1 2 3 0.80 0.90 1.00   2   2 6 7 10 0.60 0.75 0.90   1 6 7 9 0.60 0.75 0.90   7   3 5 6 8 0.80 0.90 1.00   9 3 4 5 0.90 1.00 1.00   5 2 4 5 0.50 0.60 0.70   7 1 3 5 0.60 0.75 0.90   2 3 4 5 0.60 0.75 0.90   6 1 4 6 0.90 1.00 1.00   4 1 3 4 0.60 0.75 0.90   5   1 5 6 7 0.50 0.60 0.70   9 3 4 5 0.90 1.00 1.00   4 7 9 13 0.50 0.60 0.70   2 6 9 10 0.60 0.75 0.90   7 3 5 7 0.60 0.75 0.90   5   9 7 8 10 0.90 1.00 1.00   1 1 2 3 0.60 0.75 0.90   4 4 5 6 0.60 0.75 0.90   7 9 10 13 0.60 0.75 0.90   3 1 2 3 0.60 0.75 0.90   6   6 4 5 7 0.80 0.90 1.00   10 5 7 8 0.60 0.75 0.90   8 8 9 12 0.80 0.90 1.00   2 4 5 7 0.60 0.75 0.90   7 6 7 9 0.60 0.75 0.90   4 6 9 11 0.60 0.75 0.90   1   4 2 4 5 0.50 0.60 0.70   8   5 9 10 15 0.60 0.75 0.90   6 3 4 6 0.90 1.00 1.00   8 3 5 6 0.80 0.90 1.00   4 1 3 4 0.50 0.60 0.70   3 1 4 6 0.80 0.90 1.00   1 4 7 10 0.60 0.75 0.90   10 4 5 6 0.80 0.90 1.00   9 1 2 3 0.80 0.90 1.00   5   5 6 9 10 0.60 0.75 0.90   4 4 7 8 0.50 0.60 0.70   9 4 7 10 0.90 1.00 1.00   2 1 2 4 0.80 0.90 1.00   10 4 5 7 0.60 0.75 0.90   4   1 6 10 12 0.60 0.75 0.90   7 7 9 13 0.60 0.75 0.90   10 6 9 13 0.80 0.90 1.00   9 1 2 3 0.80 0.90 1.00   5   10 2 4 6 0.80 0.90 1.00   1 1 3 4 0.60 0.75 0.90   8 4 5 7 0.80 0.90 1.00   9 1 3 4 0.80 0.90 1.00   5 6 9 11 0.50 0.60 0.70   2   4 3 4 6 0.60 0.75 0.90   3 1 3 4 0.80 0.90 1.00   
14   6   1 1 3 4 0.50 0.60 0.70   2 5 8 12 0.60 0.75 0.90   8 1 2 3 0.80 0.90 1.00   9 8 9 13 0.90 1.00 1.00   5 7 8 10 0.50 0.60 0.70   6 2 4 6 0.90 1.00 1.00   7   6 6 7 9 0.90 1.00 1.00   5 4 6 9 0.60 0.75 0.90   9 3 4 5 0.80 0.90 1.00   10 2 4 5 0.60 0.75 0.90   7 3 5 6 0.60 0.75 0.90   2 4 5 7 0.80 0.90 1.00   1 8 10 13 0.50 0.60 0.70   6   6 7 8 11 0.90 1.00 1.00   3 1 2 3 0.60 0.75 0.90   4 8 10 12 0.50 0.60 0.70   7 2 4 6 0.80 0.90 1.00   9 2 4 5 0.90 1.00 1.00   5 1 3 5 0.60 0.75 0.90   5   8 6 9 10 0.60 0.75 0.90   1 3 4 5 0.50 0.60 0.70   9 1 3 4 0.80 0.90 1.00   7 6 8 9 0.80 0.90 1.00   3 5 8 12 0.80 0.90 1.00   10   5 3 5 6 0.60 0.75 0.90   2 5 7 8 0.80 0.90 1.00   6 8 9 13 0.90 1.00 1.00   4 4 6 9 0.60 0.75 0.90   9 3 4 6 0.80 0.90 1.00   8 4 7 10 0.60 0.75 0.90   10 5 9 10 0.80 0.90 1.00   3 6 9 12 0.80 0.90 1.00   1 1 2 4 0.50 0.60 0.70   7 3 4 5 0.60 0.75 0.90   8   4 1 4 6 0.50 0.60 0.70   9 7 8 10 0.80 0.90 1.00   2 1 3 4 0.60 0.75 0.90   8 2 4 5 0.80 0.90 1.00   10 7 9 12 0.60 0.75 0.90   7 1 2 3 0.60 0.75 0.90   5 5 6 7 0.60 0.75 0.90   3 4 5 6 0.60 0.75 0.90   9   2 1 2 3 0.60 0.75 0.90   5 5 6 7 0.50 0.60 0.70   9 4 7 10 0.80 0.90 1.00   7 3 4 6 0.60 0.75 0.90   10 5 9 11 0.80 0.90 1.00   1 7 8 12 0.50 0.60 0.70   8 1 2 3 0.80 0.90 1.00   3 4 7 8 0.80 0.90 1.00   6 2 4 5 0.90 1.00 1.00   7   2 1 2 3 0.80 0.90 1.00   10 1 3 4 0.80 0.90 1.00   4 1 4 5 0.60 0.75 0.90   7 2 4 5 0.60 0.75 0.90   1 4 5 7 0.60 0.75 0.90   9 7 9 13 0.80 0.90 1.00   6 5 6 7 0.80 0.90 1.00   3   9 6 9 13 0.80 0.90 1.00   2 5 7 10 0.60 0.75 0.90   8 8 9 13 0.60 0.75 0.90   6   3 1 3 4 0.80 0.90 1.00   2 1 2 3 0.60 0.75 0.90   1 6 9 13 0.60 0.75 0.90   7 1 3 4 0.80 0.90 1.00   6 9 10 12 0.90 1.00 1.00   5 2 4 6 0.50 0.60 0.70   8   4 5 6 9 0.50 0.60 0.70   6 1 3 4 0.80 0.90 1.00   7 1 2 3 0.80 0.90 1.00   3 4 5 6 0.60 0.75 0.90   2 7 10 12 0.60 0.75 0.90   8 5 6 7 0.60 0.75 0.90   1 1 3 4 0.60 0.75 0.90   9 6 7 10 0.90 1.00 1.00   9   8 1 2 4 0.80 0.90 1.00   2 1 2 3 0.60 0.75 0.90   5 1 3 4 0.60 0.75 0.90   3 7 8 11 0.60 0.75 0.90   1 5 8 11 0.50 0.60 0.70   4 6 7 8 0.60 0.75 0.90   9 8 9 13 0.80 0.90 1.00   10 5 6 7 0.80 0.90 1.00   7 3 5 6 0.80 0.90 1.00   10   3 4 5 6 0.60 0.75 0.90   8 5 8 10 0.60 0.75 0.90   10 5 6 8 0.60 0.75 0.90   7 2 4 6 0.60 0.75 0.90   1 8 10 13 0.60 0.75 0.90   2 1 2 3 0.60 0.75 0.90   5 5 6 7 0.60 0.75 0.90   4 1 4 7 0.50 0.60 0.70   9 9 10 13 0.90 1.00 1.00   6 4 5 7 0.80 0.90 1.00   4   2 1 2 3 0.60 0.75 0.90   9 1 4 7 0.80 0.90 1.00   6 9 10 13 0.80 0.90 1.00   10 5 7 10 0.60 0.75 0.90   
10   5   5 2 4 6 0.60 0.75 0.90   8 3 4 6 0.60 0.75 0.90   9 7 8 12 0.80 0.90 1.00   7 7 8 10 0.80 0.90 1.00   2 3 4 6 0.60 0.75 0.90   2   10 6 9 10 0.60 0.75 0.90   3 1 3 6 0.60 0.75 0.90   2   10 4 5 7 0.60 0.75 0.90   1 9 10 15 0.60 0.75 0.90   5   8 1 2 4 0.60 0.75 0.90   1 6 7 10 0.60 0.75 0.90   5 1 3 4 0.60 0.75 0.90   7 7 8 12 0.60 0.75 0.90   3 7 8 10 0.60 0.75 0.90   4   3 5 9 10 0.80 0.90 1.00   7 4 5 7 0.60 0.75 0.90   9 1 4 6 0.80 0.90 1.00   6 8 10 15 0.80 0.90 1.00   9   10 9 10 13 0.80 0.90 1.00   1 1 2 3 0.60 0.75 0.90   6 1 4 5 0.80 0.90 1.00   7 7 8 12 0.80 0.90 1.00   2 5 9 13 0.60 0.75 0.90   8 2 4 6 0.60 0.75 0.90   4 6 7 9 0.60 0.75 0.90   3 6 10 14 0.60 0.75 0.90   5 3 4 6 0.50 0.60 0.70   7   7 3 4 6 0.60 0.75 0.90   6 1 3 4 0.90 1.00 1.00   1 1 3 4 0.50 0.60 0.70   4 3 5 6 0.60 0.75 0.90   5 3 5 6 0.50 0.60 0.70   3 6 10 13 0.60 0.75 0.90   10 7 9 13 0.80 0.90 1.00   9   5 1 2 3 0.50 0.60 0.70   7 6 9 10 0.80 0.90 1.00   8 7 10 12 0.80 0.90 1.00   6 2 4 6 0.90 1.00 1.00   2 4 7 8 0.80 0.90 1.00   4 4 5 7 0.50 0.60 0.70   3 5 6 7 0.60 0.75 0.90   10 1 3 4 0.60 0.75 0.90   9 1 2 3 0.90 1.00 1.00   6   9 1 2 3 0.80 0.90 1.00   8 6 7 9 0.80 0.90 1.00   1 6 10 12 0.50 0.60 0.70   7 7 8 11 0.60 0.75 0.90   2 6 10 15 0.80 0.90 1.00   10 7 8 10 0.80 0.90 1.00   8   9 7 10 14 0.90 1.00 1.00   5 1 2 3 0.50 0.60 0.70   10 7 8 12 0.60 0.75 0.90   4 2 4 6 0.50 0.60 0.70   2 1 2 4 0.80 0.90 1.00   7 7 9 10 0.80 0.90 1.00   3 3 4 6 0.80 0.90 1.00   6 8 9 10 0.90 1.00 1.00   
