10 10 0
4   10   1 5 8 11   2 4 7 9   3 10 13 17   4 4 6 8   5 6 9 11   6 5 7 10   7 6 9 12   8 4 6 9   9 8 10 13   10 5 8 11   10   1 6 9 12   2 4 7 10   3 3 6 9   4 3 5 8   5 6 7 9   6 5 6 8   7 9 13 16   8 7 10 12   9 4 7 10   10 5 7 10   10   1 9 11 14   2 3 5 7   3 5 7 10   4 3 5 7   5 4 7 9   6 5 8 10   7 5 7 10   8 11 15 18   9 8 10 13   10 6 8 10   10   1 5 8 11   2 9 12 15   3 8 11 15   4 6 9 11   5 7 10 13   6 13 15 18   7 15 19 22   8 7 9 13   9 9 13 17   10 7 9 13   
4   10   1 10 14 17   2 4 7 10   3 4 8 11   4 5 6 9   5 6 9 11   6 5 8 11   7 5 8 10   8 7 10 12   9 7 9 11   10 5 8 10   10   1 9 11 15   2 5 8 9   3 6 9 10   4 7 10 12   5 5 7 9   6 5 8 11   7 7 9 12   8 5 7 9   9 8 11 13   10 9 12 15   10   1 5 8 9   2 4 7 9   3 6 8 11   4 7 8 10   5 7 9 11   6 4 8 10   7 5 7 10   8 6 8 12   9 7 8 10   10 8 9 10   10   1 7 8 10   2 9 11 14   3 8 10 13   4 11 14 17   5 13 17 20   6 7 10 12   7 8 11 12   8 6 9 11   9 5 8 12   10 6 10 13   
4   10   1 3 4 5   2 4 5 6   3 2 3 6   4 6 7 9   5 7 8 10   6 7 9 10   7 4 5 7   8 4 5 6   9 5 7 8   10 6 8 9   10   1 3 5 6   2 7 9 12   3 6 9 11   4 7 8 11   5 8 10 13   6 5 6 8   7 7 10 13   8 7 9 12   9 6 9 11   10 5 9 12   10   1 10 14 17   2 5 7 10   3 10 13 17   4 9 13 17   5 8 11 15   6 6 9 12   7 5 8 11   8 6 9 12   9 10 12 14   10 7 9 13   10   1 4 7 10   2 3 5 9   3 5 9 12   4 6 8 12   5 9 11 14   6 5 9 12   7 6 10 13   8 19 24 28   9 5 8 10   10 7 10 12   
4   10   1 3 5 6   2 4 7 10   3 5 8 10   4 5 7 10   5 6 9 11   6 7 9 11   7 4 7 10   8 3 5 8   9 4 7 9   10 10 11 13   10   1 3 4 5   2 4 7 8   3 7 9 12   4 5 8 10   5 6 8 11   6 3 5 8   7 4 7 8   8 5 8 9   9 11 13 16   10 5 7 9   10   1 2 4 6   2 7 9 12   3 4 5 7   4 5 8 10   5 3 5 8   6 4 5 7   7 9 12 15   8 7 9 13   9 6 8 11   10 8 11 15   10   1 5 8 11   2 9 12 14   3 8 11 13   4 6 9 12   5 5 8 11   6 7 10 13   7 6 9 11   8 5 8 11   9 7 9 12   10 5 7 10   
4   10   1 3 6 8   2 4 5 7   3 8 9 11   4 7 10 14   5 4 6 9   6 3 6 8   7 5 8 10   8 9 12 14   9 5 6 8   10 7 9 13   10   1 1 3 4   2 5 6 8   3 7 9 10   4 3 5 8   5 5 8 10   6 5 7 9   7 7 9 12   8 8 10 13   9 4 6 9   10 5 6 8   10   1 8 11 14   2 7 10 12   3 6 7 8   4 5 8 12   5 4 7 10   6 6 9 11   7 8 11 15   8 6 9 13   9 6 8 9   10 5 8 12   10   1 8 10 13   2 7 9 12   3 8 10 12   4 6 9 12   5 11 14 18   6 5 8 10   7 4 7 10   8 6 8 11   9 8 10 13   10 5 8 9   
4   10   1 8 9 10   2 5 9 12   3 2 3 5   4 7 9 10   5 8 11 15   6 4 6 9   7 3 5 8   8 7 8 10   9 8 9 10   10 4 5 7   10   1 6 9 12   2 7 10 12   3 8 11 13   4 5 7 10   5 8 11 13   6 9 12 14   7 6 8 10   8 5 7 9   9 5 7 9   10 5 8 9   10   1 2 3 4   2 4 7 8   3 5 8 10   4 3 5 6   5 4 7 8   6 6 9 11   7 7 10 12   8 5 8 10   9 6 8 11   10 4 5 7   10   1 3 4 5   2 10 13 17   3 6 8 11   4 7 10 13   5 4 7 8   6 5 8 10   7 3 6 8   8 3 4 5   9 10 14 17   10 3 5 7   
4   10   1 2 4 6   2 3 5 8   3 4 6 8   4 8 10 13   5 4 6 9   6 3 5 8   7 7 8 10   8 6 8 11   9 1 2 4   10 5 6 7   10   1 9 11 14   2 6 8 9   3 7 9 10   4 8 12 15   5 9 13 17   6 5 9 13   7 6 8 12   8 5 8 11   9 7 9 10   10 7 10 12   10   1 5 8 10   2 4 7 8   3 10 12 15   4 6 9 11   5 6 9 11   6 5 7 11   7 6 9 12   8 7 10 13   9 6 8 10   10 15 19 23   10   1 4 7 10   2 5 8 10   3 6 9 12   4 4 7 9   5 5 8 11   6 4 7 9   7 9 12 16   8 8 11 15   9 5 7 10   10 4 7 10   
4   10   1 9 12 15   2 6 8 11   3 4 7 10   4 5 8 11   5 10 13 15   6 9 13 16   7 8 11 15   8 5 8 10   9 6 8 11   10 4 7 10   10   1 5 6 8   2 2 3 5   3 3 5 8   4 6 8 11   5 7 10 13   6 4 7 8   7 8 11 14   8 6 9 13   9 3 5 8   10 15 19 24   10   1 5 8 10   2 9 13 16   3 7 10 14   4 6 10 13   5 7 10 12   6 8 11 14   7 8 11 14   8 7 9 13   9 10 13 15   10 7 9 12   10   1 3 4 5   2 8 11 13   3 5 7 10   4 7 9 11   5 8 9 11   6 5 7 10   7 10 12 15   8 3 5 6   9 5 6 8   10 5 8 10   
4   10   1 7 9 11   2 10 14 17   3 9 12 16   4 8 10 12   5 7 9 11   6 8 11 14   7 10 13 16   8 8 11 15   9 7 10 14   10 5 7 9   10   1 4 6 7   2 5 8 9   3 7 8 10   4 4 7 9   5 35 39 44   6 4 7 9   7 7 10 13   8 8 11 14   9 7 9 13   10 10 12 14   10   1 8 10 13   2 7 8 9   3 6 8 11   4 9 12 14   5 5 6 8   6 7 9 12   7 8 11 15   8 6 8 11   9 6 8 9   10 7 10 12   10   1 2 4 5   2 7 10 13   3 8 10 12   4 6 9 12   5 3 5 8   6 6 8 11   7 6 7 9   8 13 17 20   9 6 7 9   10 2 4 5   
4   10   1 3 4 6   2 5 7 9   3 5 7 9   4 8 12 15   5 7 10 12   6 7 9 12   7 6 9 12   8 7 8 10   9 19 23 26   10 4 5 8   10   1 9 12 17   2 6 8 10   3 5 8 11   4 4 7 9   5 5 8 11   6 6 9 12   7 7 10 13   8 6 7 9   9 4 5 6   10 10 13 17   10   1 6 8 9   2 7 8 10   3 8 10 11   4 9 11 12   5 10 13 15   6 6 8 9   7 11 15 18   8 10 15 19   9 7 8 10   10 9 12 14   10   1 10 14 17   2 5 8 10   3 9 12 13   4 6 8 9   5 7 9 10   6 5 6 8   7 8 11 13   8 5 6 8   9 7 8 11   10 9 10 12   
