10 10 0
4   10   1 7 10 14   2 6 9 11   3 10 13 17   4 7 9 12   5 8 11 15   6 5 8 11   7 8 11 15   8 9 12 16   9 9 12 16   10 8 12 16   10   1 16 20 25   2 14 19 23   3 13 17 21   4 12 15 19   5 16 19 23   6 15 16 19   7 9 15 19   8 10 15 19   9 14 18 22   10 14 18 22   10   1 10 16 17   2 8 10 13   3 10 12 16   4 8 11 13   5 9 12 14   6 10 13 15   7 9 12 14   8 15 20 23   9 13 15 18   10 10 13 15   10   1 8 12 15   2 13 16 19   3 12 15 19   4 10 13 14   5 11 14 17   6 16 19 23   7 18 22 26   8 10 13 14   9 12 17 21   10 11 13 17   
4   10   1 11 15 18   2 5 8 10   3 5 9 13   4 6 7 10   5 7 10 12   6 6 9 12   7 6 9 12   8 8 11 13   9 8 10 12   10 6 9 11   10   1 10 12 14   2 5 8 9   3 5 9 10   4 7 10 13   5 5 7 9   6 6 8 11   7 7 10 13   8 5 7 9   9 8 11 14   10 8 12 14   10   1 8 9 10   2 10 13 14   3 10 12 15   4 11 13 16   5 10 11 13   6 8 12 15   7 8 11 13   8 6 9 12   9 6 8 12   10 8 9 10   10   1 6 9 11   2 9 11 14   3 8 10 13   4 11 14 17   5 7 10 12   6 8 11 12   7 13 17 20   8 5 8 12   9 6 10 13   10 7 8 10   
4   10   1 6 7 9   2 4 5 6   3 6 9 12   4 7 8 10   5 6 7 9   6 8 10 13   7 5 7 10   8 9 11 13   9 9 12 14   10 4 5 6   10   1 9 12 15   2 6 8 12   3 8 10 13   4 7 8 11   5 8 10 13   6 5 6 8   7 7 10 13   8 5 9 12   9 6 9 11   10 5 9 12   10   1 5 6 8   2 8 10 13   3 10 14 19   4 7 11 14   5 6 8 11   6 6 9 13   7 9 13 17   8 8 10 13   9 7 11 14   10 6 9 12   10   1 10 14 18   2 11 15 20   3 14 19 24   4 13 17 20   5 9 15 21   6 9 14 18   7 10 14 18   8 15 19 26   9 23 28 33   10 8 12 17   
4   10   1 9 12 16   2 9 13 17   3 11 15 20   4 8 13 19   5 12 17 24   6 10 15 19   7 10 15 19   8 13 16 20   9 10 16 21   10 12 16 23   10   1 11 15 20   2 10 13 17   3 13 18 23   4 11 17 23   5 11 16 23   6 13 18 24   7 11 15 20   8 10 12 16   9 11 17 24   10 14 19 23   10   1 15 21 26   2 10 11 17   3 9 13 17   4 12 18 23   5 10 11 17   6 11 16 20   7 13 17 21   8 11 15 20   9 13 19 24   10 10 15 19   10   1 3 4 5   2 6 7 10   3 8 9 11   4 9 11 14   5 5 8 11   6 8 11 16   7 7 10 15   8 8 12 16   9 6 7 10   10 9 12 16   
4   10   1 8 11 15   2 7 10 12   3 7 9 11   4 6 9 12   5 10 13 17   6 7 10 12   7 9 11 15   8 7 9 12   9 11 14 18   10 5 8 11   10   1 6 8 9   2 12 15 19   3 7 10 13   4 6 10 12   5 7 9 12   6 10 13 18   7 7 11 15   8 6 10 12   9 8 11 15   10 8 12 17   10   1 5 6 8   2 6 9 11   3 9 10 13   4 7 9 10   5 5 8 11   6 11 14 18   7 8 10 13   8 9 12 16   9 7 8 10   10 7 8 10   10   1 4 7 9   2 9 10 13   3 5 8 12   4 7 10 14   5 6 8 11   6 7 9 12   7 6 8 11   8 9 10 12   9 5 9 12   10 6 8 11   
4   10   1 10 13 17   2 6 8 9   3 7 9 11   4 8 10 13   5 8 10 13   6 8 11 15   7 6 10 13   8 7 9 12   9 9 11 13   10 7 9 11   10   1 10 14 19   2 11 15 20   3 12 16 22   4 9 13 17   5 8 13 17   6 10 13 18   7 11 15 21   8 12 19 25   9 8 13 17   10 10 14 17   10   1 7 10 12   2 12 17 23   3 12 19 25   4 10 15 20   5 9 16 27   6 11 15 19   7 13 18 24   8 11 16 23   9 10 15 20   10 10 15 19   10   1 3 4 5   2 2 3 5   3 7 8 10   4 5 8 10   5 3 5 8   6 6 8 10   7 7 10 11   8 6 8 10   9 4 7 9   10 11 14 18   
4   10   1 8 11 13   2 7 9 11   3 9 13 17   4 10 13 17   5 10 14 19   6 7 10 13   7 9 13 17   8 8 12 16   9 9 11 15   10 8 10 14   10   1 6 9 11   2 10 13 18   3 7 8 10   4 8 9 11   5 8 9 11   6 11 14 18   7 10 13 16   8 7 10 13   9 10 12 14   10 7 9 12   10   1 5 6 8   2 4 5 7   3 6 8 11   4 8 10 13   5 7 10 12   6 5 8 10   7 8 10 12   8 9 11 15   9 5 8 10   10 11 15 20   10   1 11 14 18   2 10 13 17   3 8 12 17   4 7 10 14   5 9 14 20   6 8 12 17   7 10 15 21   8 9 14 19   9 10 14 19   10 8 10 13   
4   10   1 7 10 12   2 8 11 15   3 9 14 18   4 10 15 19   5 11 14 18   6 9 15 21   7 8 12 17   8 7 10 12   9 9 13 18   10 8 12 17   10   1 10 14 19   2 9 12 15   3 12 17 21   4 13 18 23   5 10 13 18   6 11 15 20   7 11 16 19   8 11 16 19   9 10 13 18   10 12 16 21   10   1 4 6 8   2 8 11 15   3 7 11 14   4 8 10 13   5 6 8 10   6 12 17 23   7 7 10 12   8 10 13 17   9 9 14 18   10 6 8 10   10   1 7 8 10   2 4 5 7   3 3 5 8   4 7 9 11   5 6 8 10   6 5 7 9   7 6 8 11   8 7 10 12   9 7 10 12   10 8 10 13   
4   10   1 5 8 10   2 10 13 18   3 4 7 9   4 8 10 13   5 6 9 12   6 5 7 10   7 9 12 16   8 7 9 13   9 6 8 12   10 5 7 10   10   1 2 3 5   2 4 6 7   3 8 10 11   4 7 9 10   5 5 6 8   6 6 7 9   7 9 12 14   8 8 11 13   9 4 6 7   10 5 7 10   10   1 10 14 17   2 6 9 11   3 7 11 14   4 5 9 12   5 5 8 11   6 8 10 14   7 12 16 20   8 6 8 11   9 7 10 13   10 10 13 15   10   1 9 11 15   2 8 11 14   3 7 10 12   4 10 13 17   5 8 10 13   6 11 16 21   7 7 9 11   8 13 17 22   9 10 14 17   10 8 9 12   
4   10   1 5 8 11   2 7 9 13   3 6 9 11   4 10 13 17   5 7 10 13   6 8 11 15   7 9 12 16   8 9 14 17   9 10 14 18   10 7 11 14   10   1 13 17 22   2 7 10 12   3 8 10 13   4 6 10 13   5 6 9 11   6 9 13 16   7 7 9 10   8 8 11 15   9 7 10 12   10 9 13 17   10   1 5 8 10   2 11 15 19   3 7 9 11   4 6 8 11   5 8 10 13   6 9 11 15   7 7 9 11   8 12 17 21   9 5 9 12   10 10 13 17   10   1 3 5 8   2 4 5 7   3 9 10 13   4 5 8 10   5 6 8 12   6 7 9 12   7 8 11 14   8 10 15 19   9 4 7 9   10 11 16 20   
