10 10 0
4   10   1 3 4 6   2 7 9 12   3 5 7 10   4 8 10 13   5 9 11 14   6 5 8 11   7 10 14 18   8 6 9 12   9 7 9 10   10 8 11 15   10   1 5 7 9   2 8 10 13   3 7 8 10   4 6 8 9   5 8 10 11   6 9 11 14   7 6 7 10   8 5 7 10   9 7 9 10   10 10 14 18   10   1 7 9 11   2 8 10 13   3 7 8 11   4 6 8 9   5 5 7 8   6 11 14 17   7 5 8 11   8 7 9 12   9 6 8 11   10 5 7 8   10   1 8 10 13   2 5 8 10   3 9 13 17   4 6 8 11   5 6 9 12   6 7 10 13   7 5 9 12   8 6 9 12   9 12 17 21   10 8 12 16   
6   10   1 3 4 5   2 6 8 9   3 9 10 13   4 5 7 8   5 6 9 11   6 7 10 12   7 10 13 15   8 5 7 10   9 10 13 17   10 6 9 12   10   1 10 13 17   2 8 11 14   3 7 10 12   4 6 9 11   5 6 9 11   6 9 12 16   7 8 11 15   8 7 11 14   9 6 10 13   10 15 19 24   10   1 4 5 7   2 8 10 13   3 6 8 10   4 5 8 9   5 6 9 11   6 6 8 9   7 7 10 12   8 11 14 18   9 6 9 12   10 9 11 14   10   1 6 9 11   2 5 7 8   3 4 6 7   4 3 5 8   5 6 8 9   6 7 10 12   7 8 10 13   8 5 8 10   9 6 9 11   10 7 9 12   10   1 5 6 7   2 9 10 14   3 8 10 13   4 7 9 10   5 4 5 7   6 6 8 10   7 5 8 10   8 6 8 9   9 9 11 15   10 3 5 8   10   1 8 11 15   2 7 10 13   3 6 9 11   4 5 8 10   5 7 9 12   6 6 8 11   7 8 10 13   8 10 13 17   9 5 9 13   10 7 8 10   
4   10   1 7 9 12   2 6 7 9   3 4 6 9   4 8 11 14   5 9 13 15   6 5 7 10   7 6 9 12   8 7 8 11   9 9 11 13   10 5 6 7   10   1 5 7 9   2 7 9 12   3 4 7 9   4 8 9 12   5 7 8 10   6 6 9 10   7 5 6 8   8 3 5 8   9 8 10 11   10 6 8 9   10   1 10 14 18   2 9 13 17   3 12 16 21   4 8 11 15   5 7 11 14   6 15 19 24   7 11 15 19   8 16 23 28   9 9 12 16   10 8 11 14   10   1 6 9 11   2 5 8 10   3 8 9 11   4 7 10 13   5 9 11 15   6 10 13 17   7 11 14 17   8 8 10 13   9 11 15 19   10 6 10 12   
6   10   1 8 11 14   2 7 9 12   3 6 8 11   4 5 8 11   5 9 11 15   6 7 10 13   7 6 10 13   8 9 12 15   9 5 7 10   10 11 16 20   10   1 4 5 7   2 3 4 6   3 5 8 10   4 4 6 9   5 2 3 5   6 7 9 11   7 8 9 12   8 5 7 10   9 8 10 11   10 7 8 9   10   1 8 10 14   2 9 12 16   3 10 14 18   4 7 10 13   5 6 9 12   6 5 8 10   7 6 8 11   8 7 11 14   9 8 9 10   10 6 9 12   10   1 6 8 10   2 5 7 9   3 7 10 12   4 8 10 13   5 9 11 15   6 6 9 11   7 11 15 18   8 10 13 18   9 7 9 12   10 5 8 11   10   1 13 17 21   2 8 11 14   3 7 11 14   4 9 12 15   5 10 14 18   6 8 10 13   7 7 10 13   8 14 18 23   9 8 11 15   10 9 11 15   10   1 7 10 12   2 6 8 11   3 5 8 10   4 8 10 13   5 9 12 17   6 7 9 13   7 11 15 19   8 8 11 15   9 6 9 12   10 13 17 20   
5   10   1 9 12 16   2 7 10 13   3 6 9 12   4 8 11 14   5 7 9 10   6 8 10 11   7 13 15 16   8 10 13 15   9 9 12 16   10 8 10 11   10   1 3 4 6   2 7 8 10   3 8 10 11   4 9 11 15   5 5 7 8   6 6 8 10   7 7 10 12   8 5 8 10   9 9 12 14   10 10 13 18   10   1 7 9 12   2 6 9 11   3 8 11 15   4 9 12 16   5 9 13 17   6 10 14 16   7 7 10 13   8 8 10 13   9 11 15 19   10 6 9 11   10   1 6 9 11   2 5 8 11   3 4 8 11   4 7 11 14   5 8 11 15   6 7 9 12   7 9 12 16   8 10 14 18   9 7 10 13   10 8 11 14   10   1 2 4 6   2 1 2 4   3 4 6 8   4 7 8 9   5 8 10 12   6 5 8 10   7 3 5 8   8 4 6 9   9 7 9 11   10 6 9 11   
5   10   1 7 10 13   2 5 8 11   3 8 10 13   4 6 8 11   5 7 9 11   6 8 11 14   7 9 10 12   8 6 8 10   9 7 10 13   10 10 13 16   10   1 6 8 9   2 5 6 7   3 4 6 8   4 3 5 8   5 8 10 13   6 4 5 6   7 6 8 10   8 7 9 11   9 5 8 9   10 6 9 11   10   1 9 11 14   2 10 14 18   3 8 11 15   4 7 10 13   5 8 10 13   6 9 12 15   7 7 9 11   8 6 9 12   9 10 15 20   10 8 11 15   10   1 4 7 9   2 5 8 10   3 6 9 12   4 7 10 12   5 8 11 15   6 9 10 13   7 6 8 11   8 10 14 17   9 8 10 14   10 5 7 10   10   1 8 10 13   2 7 9 11   3 7 10 13   4 8 11 15   5 6 9 12   6 5 7 9   7 6 8 10   8 10 13 15   9 8 10 13   10 11 14 17   
5   10   1 6 8 9   2 7 10 12   3 8 11 13   4 9 13 17   5 5 8 11   6 8 11 14   7 7 9 12   8 6 9 13   9 5 9 12   10 6 10 13   10   1 4 5 7   2 5 6 7   3 6 7 9   4 7 9 11   5 8 10 11   6 9 11 13   7 7 10 12   8 5 7 10   9 4 6 8   10 8 11 13   10   1 8 11 14   2 7 8 10   3 9 11 12   4 10 13 14   5 6 9 10   6 7 9 10   7 8 10 13   8 11 14 18   9 6 10 13   10 13 17 21   10   1 11 13 17   2 5 8 11   3 4 7 10   4 6 8 11   5 7 10 12   6 8 10 13   7 9 11 14   8 10 14 17   9 8 11 15   10 6 9 11   10   1 13 17 21   2 7 10 13   3 8 11 14   4 9 11 13   5 10 14 17   6 14 19 22   7 6 9 12   8 5 8 12   9 7 11 14   10 8 11 15   
5   10   1 6 8 11   2 5 8 12   3 7 11 15   4 8 10 13   5 9 12 16   6 10 14 18   7 8 11 15   8 6 9 12   9 7 10 13   10 8 9 11   10   1 15 19 24   2 11 15 19   3 9 10 13   4 12 15 18   5 8 12 17   6 7 11 14   7 17 21 26   8 8 11 15   9 10 14 17   10 9 12 14   10   1 7 10 12   2 6 9 11   3 8 10 13   4 9 12 14   5 7 11 14   6 10 13 17   7 7 10 12   8 11 15 19   9 9 11 13   10 8 10 13   10   1 8 10 13   2 10 14 17   3 6 9 12   4 5 8 12   5 7 10 13   6 5 8 12   7 12 15 19   8 6 9 11   9 7 11 14   10 9 12 15   10   1 5 6 7   2 6 8 11   3 7 10 12   4 5 8 12   5 9 11 14   6 10 14 18   7 6 9 12   8 7 11 14   9 8 11 15   10 5 7 10   
5   10   1 10 14 17   2 9 12 15   3 8 11 15   4 7 11 14   5 6 9 12   6 7 10 13   7 12 16 20   8 13 18 23   9 7 9 13   10 8 10 13   10   1 7 9 11   2 5 8 10   3 7 10 13   4 9 12 16   5 6 9 12   6 8 11 14   7 10 14 16   8 9 13 17   9 6 10 13   10 7 9 13   10   1 9 13 17   2 6 9 12   3 10 14 18   4 8 11 15   5 7 10 13   6 6 9 11   7 12 17 21   8 8 10 13   9 9 11 14   10 11 14 17   10   1 4 5 7   2 5 7 9   3 6 8 9   4 7 9 10   5 8 10 13   6 4 7 9   7 5 6 8   8 2 3 5   9 6 9 11   10 7 10 12   10   1 8 10 13   2 9 11 14   3 7 9 11   4 6 9 13   5 10 13 17   6 5 7 10   7 8 11 15   8 9 12 16   9 6 9 12   10 7 10 12   
5   10   1 3 5 8   2 7 9 11   3 4 5 7   4 5 8 11   5 6 9 12   6 8 10 13   7 6 8 11   8 10 14 17   9 7 11 14   10 8 10 11   10   1 8 11 15   2 9 13 17   3 7 11 14   4 6 10 13   5 5 9 12   6 7 10 13   7 6 9 13   8 10 14 17   9 8 10 13   10 15 19 24   10   1 7 9 11   2 13 17 22   3 7 9 13   4 8 10 13   5 9 11 14   6 8 11 15   7 5 8 12   8 6 9 13   9 10 12 15   10 7 10 12   10   1 6 9 12   2 5 8 10   3 8 10 13   4 9 11 15   5 7 9 12   6 8 11 13   7 5 9 12   8 7 11 14   9 10 14 17   10 11 15 19   10   1 4 5 7   2 7 8 9   3 6 8 10   4 3 5 8   5 4 6 9   6 5 7 10   7 6 9 12   8 7 10 12   9 5 8 11   10 8 10 13   
